180.000000 68.993774
176.081635 69.883720
173.223190 69.765358
170.549911 70.119553
170.162354 69.597504
171.179199 69.029968
170.481613 68.763695
168.321609 69.222084
167.808395 69.764526
166.873367 69.462082
162.346664 69.673752
161.113281 69.160393
158.924911 70.890419
155.922394 71.088722
152.531189 70.815025
148.828720 71.689140
150.063690 71.929138
148.367386 72.331276
147.115021 72.315414
145.347549 71.554558
145.498642 72.248337
145.982391 71.862862
146.943756 72.317497
144.244781 72.248695
146.862534 72.362946
140.890060 72.872108
141.301285 72.581696
139.123718 72.252502
140.201080 72.278305
139.306107 71.942474
140.117340 71.432083
138.115021 71.570419
137.862579 71.100418
136.022385 71.627029
133.817551 71.414558
132.779938 71.951248
131.044922 70.702858
128.306137 72.080803
129.556107 72.212471
128.442780 72.517975
129.451218 72.651665
128.816162 73.199997
126.281334 73.259193
124.437386 73.801224
122.842468 72.852531
119.847725 72.957497
118.406136 73.225029
118.879913 73.530357
115.687309 73.705391
113.514748 73.202667
112.844971 73.987083
112.307472 73.689552
111.572502 74.052086
110.022331 74.006195
109.690002 73.673691
111.034859 73.687889
106.339943 73.189583
105.499809 72.744553
107.017418 73.632057
113.578331 75.212502
112.348274 75.840027
113.583275 75.531197
113.934914 75.834999
111.093414 76.765388
106.533218 76.499557
107.544830 76.914024
104.166496 77.082947
106.345032 77.365807
104.146690 77.716248
101.354942 77.089165
101.128304 76.464142
98.878166 76.485001
99.845055 76.042473
98.826721 76.259560
95.703171 75.826248
96.126640 76.117058
93.273392 76.104553
92.836441 75.878723
94.115059 75.916695
86.983276 75.134560
87.007500 74.601280
85.917389 74.852112
87.236641 73.834862
80.506195 73.557472
80.851250 72.428329
83.668831 71.640808
83.621613 69.717888
82.423637 70.170830
82.847420 70.958725
82.013748 70.555779
83.263748 71.721664
81.452362 71.719559
78.447502 72.386223
77.463692 72.207474
77.984863 71.826225
75.966225 71.885803
78.508720 70.904137
76.132469 71.161247
74.828804 72.830833
75.018776 72.189972
73.008720 71.396667
74.326111 70.590836
73.764191 69.156639
75.941666 69.254555
77.651581 68.892029
78.184082 68.245003
77.485832 67.744141
78.784225 67.468330
77.094139 67.761665
76.584831 68.966248
74.666580 68.766220
74.772469 67.699944
72.133224 66.198753
69.127441 66.612526
71.749886 66.904610
73.625778 68.423332
72.539108 68.953331
72.811142 70.869972
71.811195 71.464165
72.878609 72.693306
71.632416 72.900391
69.396164 72.947502
68.338776 71.586670
66.728775 71.106667
66.807388 69.551666
68.101585 69.529587
69.264084 68.937531
68.258278 68.127083
65.529137 69.143333
66.184860 69.077919
60.844891 69.864586
60.184193 69.564972
61.189030 68.808304
59.944942 68.716194
59.764942 68.337914
59.003277 68.993690
57.303333 68.532082
55.361637 68.540359
54.849972 68.139557
53.218307 68.186218
53.609192 68.800346
54.565834 68.978333
53.873360 68.959579
52.326584 68.301247
52.216583 68.573753
48.592751 67.913223
49.071808 67.600281
47.826279 67.577278
47.560028 66.892555
46.018970 66.816475
44.924526 67.424416
46.693417 67.806747
46.545860 68.125000
43.281582 68.672081
44.220779 68.269165
44.106167 65.961945
42.211029 66.520279
40.740028 65.984749
39.700748 65.465637
40.463638 64.512222
38.432529 64.807587
38.003555 64.580612
38.366554 64.843781
36.849140 65.152641
36.533722 64.714752
38.041973 64.290253
37.417500 63.781445
34.783501 64.512108
34.244556 65.375168
34.859695 65.864754
32.976807 66.247475
33.713055 66.412582
31.869473 67.139084
39.111668 66.100914
41.390751 67.115082
39.776669 68.149559
35.306583 69.251251
33.568222 69.299583
33.031582 68.882919
33.499111 69.401665
32.155029 69.412086
32.101582 69.742081
33.130806 69.716667
32.091721 69.941223
31.261667 69.557030
30.298222 69.880386
29.489834 69.656166
28.556139 70.172470
30.182444 70.069557
31.031166 70.397469
28.972418 70.884583
27.854807 70.426971
28.553806 70.970032
27.657444 71.131226
27.091028 70.463249
26.486111 70.358307
26.659945 70.967888
25.152472 70.065392
25.913668 70.874138
24.639944 70.992081
23.468193 69.981224
21.562529 70.322891
22.118334 69.736252
21.235027 70.012085
19.909918 69.271248
20.288195 69.978752
19.646610 69.414558
19.720028 69.812889
18.939222 69.624191
19.549833 69.214584
18.148222 69.465446
17.690639 68.670776
16.455807 68.507469
17.904943 68.414528
16.284945 68.376282
16.516582 67.817024
16.003222 68.267082
15.277500 68.062469
15.864972 67.907890
14.849917 67.877914
15.887417 67.579140
14.310750 67.264137
15.472500 67.099998
13.489139 66.951668
13.990806 66.797501
13.017500 66.178329
14.170833 66.323250
12.676611 66.071281
13.200833 65.828331
12.669222 65.923332
12.044083 65.214165
12.960833 65.314140
11.288278 64.878723
12.170000 64.959557
11.385861 64.687500
11.860278 64.448441
11.218306 64.312080
10.954944 64.607918
9.502444 63.645805
10.421583 63.569527
11.385000 64.112892
10.960861 63.447498
9.826639 63.312889
9.675241 63.601280
8.514944 63.382057
8.699111 62.816666
7.882472 62.989971
8.531639 62.668751
6.983306 62.956223
8.147472 62.695000
6.259028 62.584999
7.198278 62.098751
6.684018 62.339985
6.551583 62.104527
5.930778 62.222473
6.313333 62.059555
5.099056 62.193306
5.178361 61.895390
6.845833 61.870834
5.191667 61.882111
4.997444 61.580002
5.855889 61.455776
4.979111 61.421612
5.674111 61.368332
5.231667 61.104557
6.517819 61.197372
6.753306 61.418720
7.328306 61.157055
7.586667 61.493721
7.712472 61.234196
7.123361 60.862057
6.646611 61.175446
5.022500 61.034168
5.589167 60.871666
4.947472 60.808334
5.276639 60.540417
5.799083 60.734138
5.169194 60.374168
5.441611 60.132111
5.765833 60.390835
5.546639 59.886276
7.140778 60.497501
5.224194 59.525780
5.648278 59.258751
6.597417 59.559166
5.889111 59.084141
6.647417 59.052471
6.285806 58.839169
5.574167 59.032471
5.662528 58.550804
7.048333 57.980389
8.216694 58.108749
9.518306 59.134583
10.422444 59.063362
10.753333 59.908722
11.210694 58.350807
11.705694 58.436668
11.568306 57.927891
11.910667 58.341667
11.702472 57.704945
12.940750 56.583279
12.445806 56.304138
12.812500 55.378334
14.196639 55.382084
14.688278 56.167057
15.848333 56.073723
16.729139 57.444138
16.415777 58.477470
16.949083 58.477501
16.187416 58.641666
17.506695 58.782055
17.653305 59.184528
17.923250 58.803780
18.712444 59.278332
18.084084 59.423306
19.090834 59.748306
17.990000 60.604557
17.175722 60.682446
17.684168 63.004971
18.121639 62.768749
20.674110 63.795834
21.619110 64.443275
21.232500 65.333359
21.746639 65.191254
21.745750 65.751663
22.396584 65.534615
22.639944 65.907082
24.591694 65.843636
25.509167 65.021614
21.124140 62.799973
21.797472 61.491638
21.425806 60.603359
22.519972 60.212891
23.092417 60.369999
22.893360 59.808693
28.658194 60.742832
28.623278 60.352806
30.346582 59.950417
28.098223 59.790417
27.914944 59.402863
25.696556 59.676193
23.503250 59.230415
23.735832 58.349972
24.585833 58.322418
24.393862 57.240112
23.636557 56.961918
22.609943 57.760418
21.697500 57.566612
20.980749 56.522472
21.247473 54.950748
20.514278 54.955029
21.083418 55.727081
20.567610 55.081829
19.935722 54.916584
19.889889 54.637833
20.412500 54.677471
19.373333 54.220360
19.878305 54.640362
18.796583 54.343723
17.948334 54.832085
14.731639 54.026222
14.591167 53.601692
13.021639 54.439556
10.888222 53.959530
11.132417 54.390804
10.143278 54.320389
9.420778 54.828251
9.559139 55.707474
10.960778 56.441666
10.124083 56.711613
10.657472 57.737499
8.596611 57.121193
8.275750 54.752472
8.610778 54.881668
9.014028 54.486637
8.574111 54.301613
9.825806 53.531639
8.668333 53.894585
8.505694 53.369083
7.956722 53.718307
7.093028 53.585724
7.428444 53.222527
5.878333 53.396252
5.334111 53.075832
5.844139 52.584141
5.253278 52.310333
4.733333 52.967056
4.007528 51.963280
4.645750 51.713280
3.430639 51.533279
4.250306 51.352139
1.583278 50.872917
1.665778 50.183308
0.000028 49.327946
0.000000 49.327950
-1.940028 49.727859
-1.357500 48.633751
-2.686694 48.496193
-3.076667 48.883751
-4.780111 48.506779
-4.157556 48.250111
-4.633361 48.283417
-4.376667 47.796223
-2.390000 47.506248
-1.812528 46.492889
-1.101306 46.316666
-1.237972 45.692528
-1.095861 45.559582
-1.605056 43.430363
-7.049222 43.481251
-7.688389 43.792084
-9.302083 43.054169
-8.599667 42.344971
-8.792917 40.118305
-9.500389 38.783306
-8.945806 38.997055
-9.225444 38.411694
-8.630444 38.408333
-8.856663 38.384964
-8.995444 37.022499
-6.866694 37.292915
-5.608417 36.000416
-4.415000 36.718723
-2.125833 36.730415
-1.451667 37.492111
-0.717500 37.607056
-0.504583 38.334110
0.000000 38.609726
0.235444 38.738335
0.000000 38.931831
-0.242139 39.130833
-0.180444 39.740002
0.000000 39.941307
0.979944 41.034557
3.203306 41.891193
2.951167 42.833279
3.334139 43.287083
4.085028 43.561249
6.158333 43.029556
8.747528 44.427113
10.179972 43.961193
11.093333 42.394585
15.676667 40.030418
16.221193 38.853306
15.634528 38.017471
16.064972 37.923779
16.605000 38.812889
17.208721 39.027473
16.488722 39.759167
16.894917 40.430389
17.858307 40.283722
18.347500 39.790359
18.516222 40.135834
15.961611 41.460388
16.153334 41.909584
14.788278 42.045387
13.626694 43.552082
12.395778 44.205418
12.142889 45.386639
13.544028 45.794556
13.905000 44.767056
14.559111 45.296249
15.951667 43.504581
16.886667 43.399582
17.742083 42.834167
17.008278 43.005390
18.762501 42.490391
19.594973 41.812057
19.288721 40.419998
20.725805 38.950417
21.117750 39.039028
20.728750 38.814972
21.099112 38.334530
23.225389 38.154972
22.895832 37.933750
21.368723 38.217472
21.104528 37.850834
21.703693 36.814140
22.125834 37.024582
22.482471 36.387859
22.635000 36.805389
23.198305 36.434555
22.717890 37.560833
23.515806 37.430416
22.993723 37.877472
23.519972 38.043720
24.030832 37.647057
24.081249 38.162472
22.527027 38.857498
23.057056 39.015835
22.935806 39.358749
23.350416 39.185806
22.585417 40.466667
22.928307 40.637081
23.949139 39.938751
23.734972 40.355415
24.402918 40.155834
23.733278 40.753693
25.136612 41.012001
26.808222 40.645416
26.182388 40.039528
27.515806 40.976223
28.981640 40.998695
27.721695 42.408749
27.306168 42.383278
28.583611 43.484055
28.863333 44.953751
28.995001 44.682861
29.608694 44.850834
29.631166 45.824112
29.742416 45.602028
30.131166 45.902473
29.720806 45.582863
30.477083 46.073307
30.140806 46.382084
30.480000 46.077888
30.759167 46.549557
31.989082 46.889557
32.446220 46.488304
31.509138 46.579556
32.027889 46.438305
31.787500 46.267113
33.597443 46.153721
33.686638 45.832890
32.480389 45.386696
33.203304 45.442055
33.382084 44.579166
33.976612 44.387890
36.646252 45.374138
35.465027 45.301224
34.815029 46.146221
35.463722 45.282501
34.973305 45.361221
34.465443 45.915001
35.185806 46.527863
34.990807 46.077057
35.920834 46.655418
39.262470 47.262081
38.593277 46.662056
37.696220 46.702499
38.590027 46.037083
38.274944 46.258751
37.532501 45.379581
36.600361 45.193279
41.435833 42.737083
41.779499 41.842472
41.404919 41.376999
40.170834 40.921249
38.377445 40.908749
36.409138 41.244530
35.013306 42.098694
33.341640 42.026196
31.210806 41.099556
29.161638 41.221222
29.252472 40.801277
29.935833 40.717888
28.974972 40.640415
28.984972 40.356220
26.747389 40.404556
26.148722 39.914970
26.072500 39.470360
26.947918 39.564972
26.722082 38.649971
27.173695 38.445805
26.676611 38.311249
26.418278 38.679527
26.231611 38.265388
27.256250 37.975834
27.004610 37.657501
27.647083 37.244141
27.264139 36.963749
28.335417 37.054169
27.404943 36.662888
28.461666 36.879581
29.684944 36.131248
30.404972 36.199581
30.636723 36.856251
31.170834 36.850418
32.792473 36.026249
33.961639 36.220390
34.639999 36.797085
35.354973 36.532917
36.153694 36.837307
35.713612 35.586666
35.988777 34.537334
34.237026 31.338306
32.305241 31.202858
32.566856 29.927166
34.242641 27.724577
35.001972 29.526667
34.575417 28.088306
35.221222 28.046694
37.239555 25.188307
37.427917 24.370806
38.455418 23.781668
39.142082 22.404943
39.197887 21.084972
40.795418 19.729111
42.703751 16.739166
42.598694 15.230778
43.463280 12.674500
45.039944 12.751222
45.658333 13.347000
48.698307 14.042056
49.342445 14.637889
52.195805 15.607889
52.483334 16.439556
55.019974 17.001223
55.428333 17.817888
56.351692 17.918722
56.798306 18.746222
57.841194 18.999193
57.845280 20.238333
58.195000 20.609583
58.519554 20.409971
59.807888 22.219999
58.753307 23.522028
57.181641 23.932083
56.623611 24.481583
56.266277 25.630777
56.505806 26.359638
54.093361 24.120361
52.594112 24.195444
52.110832 23.906555
51.298363 24.293751
51.577751 25.914110
50.991390 25.983250
50.770832 24.713694
50.003029 25.987444
50.164581 26.636639
48.847057 27.601639
48.100388 29.352501
47.702888 29.374111
48.187889 29.546638
47.956528 30.071138
48.883305 30.009501
48.925419 30.384945
49.554169 30.000444
50.095417 30.178333
51.401669 27.922056
52.435833 27.644556
53.729137 26.700390
54.795776 26.495417
56.680000 27.199556
57.314972 25.782862
61.756557 25.007055
66.456642 25.617889
66.657440 24.832056
67.294556 24.774944
67.480782 23.912889
68.346611 23.966249
68.265808 23.556278
68.801613 23.884583
68.425392 23.509167
69.197502 22.835361
70.447891 22.969999
70.174164 22.542028
68.935387 22.306694
70.822472 20.690416
72.111275 21.199112
72.326691 22.308722
72.910805 22.266222
72.507889 21.975805
72.539970 21.660389
72.927887 21.675777
72.597862 21.298306
72.930389 20.760000
72.655441 19.833305
73.457054 16.053307
75.869553 11.124111
76.547058 8.898278
77.537498 8.073722
78.070442 8.374139
78.265831 9.017917
79.189583 9.280778
78.900391 9.486667
79.294136 10.260389
79.880447 10.308306
79.758751 11.671611
80.346222 13.283306
80.047920 15.074139
80.263725 15.671667
80.940804 15.711194
81.267502 16.292889
82.303276 16.558750
82.306221 17.038334
84.129196 18.309555
85.038307 19.392082
86.371635 19.952084
87.069580 20.720806
86.912109 21.338333
87.804169 21.696222
88.019554 22.222918
88.246635 21.561222
88.639053 22.076195
89.026642 21.598639
89.042419 22.075390
89.219109 21.747778
89.522415 22.085388
89.778275 21.825251
89.902443 22.390472
90.194168 21.802917
90.533302 22.605417
90.623718 22.000000
90.831253 22.154112
90.686638 22.762890
91.447418 22.763611
92.761192 20.198334
93.080025 20.585388
92.995804 20.137890
93.755447 19.914972
94.022858 19.371639
93.469582 19.366667
93.936668 18.843721
94.086220 19.364166
94.597946 17.553307
94.242500 15.952861
94.622719 16.256277
94.394165 15.829583
94.636749 16.094110
94.955803 15.741250
95.127747 16.120111
95.455833 15.734556
95.717499 16.247055
96.323723 16.420834
96.117470 16.800388
96.450775 16.489582
96.892914 16.819166
96.873886 17.509361
97.353775 16.504944
97.742081 16.562529
97.787918 14.870806
98.126190 13.552500
98.224113 13.972917
98.720390 12.810000
98.542030 11.882444
98.885414 11.700000
98.455582 10.686694
98.552559 9.973722
98.762665 10.325806
98.285446 8.203333
98.670830 8.390389
100.115303 6.554111
100.557945 4.314972
101.291252 2.846667
103.511665 1.269500
103.940804 1.662889
104.276581 1.367889
103.457886 2.825000
103.477921 4.533333
103.151253 5.340000
101.568359 6.838639
100.425835 7.160389
99.846222 9.290833
99.224556 9.255000
99.150475 10.344111
100.024559 12.187500
99.951141 13.309167
100.988335 13.500417
100.855835 12.646222
101.789192 12.708722
102.644165 12.177917
103.127502 10.867056
103.558304 11.165417
103.614166 10.500417
103.864166 10.707889
105.087830 10.004861
104.793747 8.800806
105.280830 8.752917
106.198753 9.375028
105.836670 9.993722
106.502502 9.553750
106.179108 10.175417
106.616638 9.812917
106.356194 10.192472
106.778252 10.081194
106.435333 10.310750
106.779114 10.277000
106.745720 10.572833
107.259171 10.375389
109.019142 11.355417
109.196198 12.629972
109.467110 12.647500
108.942055 15.244972
108.326668 16.142889
107.131920 16.854082
105.641197 18.900694
105.927025 19.884167
106.572891 20.283306
106.552498 20.759556
106.812889 20.673306
106.605278 21.036612
107.349136 20.999556
107.780891 21.523750
108.477386 21.562860
108.554054 21.920334
109.160805 21.405416
109.609138 21.758694
109.965416 21.483334
109.665421 20.935862
109.926247 20.229168
110.284973 20.241222
110.381691 21.407888
110.446671 21.187860
111.638306 21.513721
111.675026 21.796223
112.343361 21.707890
112.364998 21.996222
112.912498 21.852057
112.921692 22.514557
113.114082 22.072027
113.283302 22.368639
113.547386 22.188639
113.368332 23.111250
114.297531 22.260445
114.208748 22.537500
114.779968 22.837084
114.881691 22.544556
115.314140 22.902861
115.572502 22.658751
116.495804 22.939556
116.740364 23.250000
116.457420 23.448723
117.244110 23.604555
117.352470 23.948723
117.585030 23.715389
118.134560 24.264973
117.779915 24.506250
118.650887 24.555416
118.562920 24.908278
118.985863 24.881222
118.869614 25.247473
119.281639 25.171223
119.329170 25.614555
119.654587 25.355833
119.512085 26.075001
119.958748 26.375834
119.580002 26.423721
119.831253 26.449972
119.542915 26.813307
120.120804 26.636223
120.858719 27.885000
120.582886 28.103333
121.625443 28.265806
121.346031 28.705584
121.732056 28.941668
121.418747 29.163334
121.974197 29.222889
121.997864 29.590805
121.427109 29.474972
122.137886 29.892500
121.264053 30.327917
120.137947 30.195778
121.912056 30.938334
120.788002 31.852724
120.055885 31.967056
121.910446 31.736639
120.850418 32.616638
120.284615 34.303307
119.184135 34.690418
119.201195 35.005001
120.297890 35.969971
120.126663 36.203751
120.714195 36.133778
120.777496 36.627918
121.969170 37.024582
122.516670 36.897030
122.699554 37.407471
120.741669 37.832890
119.185028 37.142056
118.839943 38.213722
117.691193 38.389137
117.717888 39.105831
119.004997 39.197083
120.973305 40.830360
121.884109 41.048721
122.277916 40.465000
121.248718 39.384998
121.942886 39.403332
121.139191 38.724529
123.625809 39.935417
125.559196 39.665390
125.126221 38.876667
125.603722 38.649139
124.960831 38.592918
124.652031 38.128334
125.260002 38.085419
124.976250 37.930832
125.515053 37.895416
125.627472 38.041248
126.520332 37.765778
126.857918 36.784943
126.496635 37.060333
126.109528 36.773308
126.419136 36.399555
126.511223 36.674168
126.493279 36.133694
126.893776 36.141640
126.239555 35.111694
126.622108 34.626640
126.279587 34.595833
126.524971 34.292889
127.242470 34.777058
127.339996 34.444584
127.515808 34.888748
127.803307 34.587891
127.720802 34.998722
128.424133 34.761250
128.589172 35.211224
129.090836 35.050419
129.583771 36.015804
129.431244 37.059944
128.360886 38.687943
127.378754 39.213280
127.507057 39.736668
129.715775 40.833694
129.759583 41.764973
130.699615 42.297443
130.673355 42.675419
131.220856 42.552860
131.759995 43.337833
133.043335 42.672916
135.135803 43.502083
138.105835 46.236195
140.391312 48.973331
140.437439 50.717499
141.545837 52.150833
140.630829 53.145832
141.203339 52.997890
141.424133 53.294998
139.741577 54.300388
138.652496 54.289970
138.580032 53.995388
137.313309 53.534584
137.735840 54.320805
136.783340 53.764526
136.832504 54.646667
135.743256 54.565388
135.227417 54.909973
138.227493 56.420807
142.461670 59.202084
145.691635 59.426250
146.046661 59.138721
146.505005 59.462891
148.931671 59.230389
149.433395 59.758751
152.320786 59.224945
151.103394 59.106220
151.341614 58.834610
155.188354 59.171223
154.979950 59.492916
154.129135 59.452442
154.230835 59.873306
156.681580 61.522057
160.396637 61.955418
159.772507 61.238304
159.791672 60.927055
160.440811 61.033306
160.213364 60.578751
162.388336 61.662029
163.329132 61.660778
163.261581 62.517918
164.609940 62.681252
165.308578 62.469002
164.149078 62.270805
163.789078 60.822498
161.941559 60.417946
158.319946 57.977055
156.850830 57.797501
155.989136 56.678307
155.562531 55.175835
156.673355 50.862057
158.542419 52.289165
158.417282 52.998554
160.049133 53.089943
159.984146 54.154140
162.144089 54.748333
162.087479 56.094166
163.360809 56.187473
162.675858 57.336613
163.319229 57.727501
161.890747 57.977444
163.637329 59.998611
164.486633 60.101250
164.836639 59.782860
166.274994 60.472057
166.278397 59.811195
167.011688 60.412918
169.253326 60.612888
170.309967 59.927082
170.549118 60.426666
173.531662 61.750389
177.114975 62.546223
179.148331 62.285389
179.622559 62.727444
178.234024 64.433334
178.248367 64.167053
177.508286 64.741280
176.071609 64.447083
176.166733 64.695648
175.142563 64.722443
179.525024 64.794556
180.000000 65.084549
180.724091 65.526642
180.618256 66.321251
181.548965 66.361664
181.554840 65.467087
183.504868 65.537086
184.564911 64.763725
186.346603 64.321220
186.675003 64.611252
186.849976 64.239586
187.764160 64.402496
186.789078 64.757500
187.880661 65.049141
187.914139 65.486664
186.990784 65.701668
188.949951 65.467087
188.556549 65.832085
189.434937 65.612892
190.326004 66.136528
188.333313 66.944580
186.369949 67.117081
185.374115 67.051697
186.054977 66.144585
184.743256 67.658775
180.001556 68.992920
180.000000 68.993774
>
31.919167 31.531221
31.028305 31.600389
29.064943 30.822056
26.982471 31.442057
25.200832 31.523640
24.979834 31.971056
23.319944 32.152889
23.107471 32.635387
21.708305 32.941223
20.100000 32.182056
20.057083 30.850861
18.989971 30.274584
17.853306 30.925388
15.741667 31.397888
15.205028 32.382057
13.388306 32.897861
12.299139 32.837891
10.214139 33.797085
10.017861 34.187527
11.162917 35.215832
10.467833 36.135777
11.039139 37.089584
10.431611 36.712891
9.745000 37.349556
7.899972 36.842918
6.415806 37.086250
5.344139 36.641193
3.895861 36.925388
1.084139 36.493752
0.000000 35.842888
-0.937528 35.727917
-1.957500 35.075390
-2.830083 35.108665
-2.979139 35.441971
-4.688389 35.206280
-5.470861 35.917110
-5.934639 35.790779
-6.812500 34.025391
-9.287111 32.545834
-9.846222 31.397499
-9.662944 30.071638
-10.217944 29.309139
-11.525000 28.298750
-12.915861 27.956249
-13.651250 26.659195
-14.465417 26.196667
-14.903778 24.685862
-15.915417 23.803307
-15.704583 23.972500
-16.983000 21.798140
-17.107222 20.837528
-16.912527 21.161194
-16.197918 20.224972
-16.547916 19.379999
-16.043751 17.747499
-16.577057 15.697472
-17.533777 14.741667
-16.513779 13.879167
-16.506666 13.361250
-15.574611 13.515806
-16.355028 13.249583
-16.717943 13.460000
-16.763779 12.571611
-16.220472 12.609972
-16.776251 12.406639
-16.014194 12.345389
-16.352083 12.096667
-15.853778 11.992472
-15.955833 11.734556
-14.939167 11.988722
-15.509583 11.789167
-15.033750 11.643278
-15.504611 11.328333
-15.235000 10.997917
-15.004639 11.183306
-15.078389 10.918722
-14.697083 11.076639
-14.455833 10.208722
-13.537056 9.796611
-13.723750 9.506639
-13.303944 9.334861
-13.174611 8.531667
-12.837083 8.560833
-13.293778 8.421639
-12.456250 7.766639
-12.521278 7.384111
-11.230750 6.789500
-8.717500 4.807083
-7.480806 4.360361
-6.124167 4.997028
-4.017000 5.258389
-1.981694 4.754611
0.000000 5.592902
1.343361 6.161167
3.821639 6.621194
3.401250 6.395806
4.430833 6.350389
5.064167 5.764528
5.367083 5.970000
5.080389 5.718333
5.542861 5.619194
5.176250 5.568306
5.361667 5.390417
5.680444 5.540806
5.362083 5.163306
5.983333 4.310417
6.705028 4.338722
6.723333 4.612917
6.867472 4.359583
6.779139 4.667861
7.005778 4.372917
7.075806 4.737917
7.340000 4.443722
8.278278 4.536222
8.235778 4.928750
8.554972 4.482056
8.830389 4.746667
9.214167 3.941194
9.727944 4.097500
9.833694 3.809167
9.542917 3.810833
9.975417 3.079111
9.343722 1.175833
9.695972 1.078750
9.663750 0.452500
9.309583 0.512500
9.987083 0.172500
9.501667 0.050389
9.351639 0.357917
9.130417 -0.714194
8.700389 -0.668361
9.619583 -2.408361
11.727861 -4.450861
12.167917 -5.727556
12.672944 -6.010861
12.272917 -6.140000
13.392111 -8.388333
12.994583 -9.087528
13.862833 -11.008361
13.657056 -12.235028
12.532889 -13.418361
11.744556 -15.835833
11.799500 -17.979195
14.502028 -22.542610
14.946250 -26.317528
18.200443 -31.682501
18.327084 -32.530029
17.847889 -32.820026
18.399944 -34.302113
18.790806 -34.080444
20.019972 -34.830444
22.555834 -33.978748
24.839972 -34.206280
27.011639 -33.565418
30.009167 -31.297112
31.274555 -29.454193
32.385387 -28.549194
32.964390 -26.084110
32.834057 -26.292917
32.498669 -25.960056
35.502056 -24.107529
35.546223 -22.171722
34.661221 -20.555056
34.631222 -19.650833
34.884998 -19.852943
36.312500 -18.877111
36.854973 -17.878750
39.856640 -16.438807
40.842110 -14.832528
40.394554 -12.928389
40.642082 -12.746694
40.332085 -11.313333
40.642056 -10.684278
39.704445 -10.031833
39.255390 -8.292528
39.447056 -7.813361
39.217110 -7.850833
39.551250 -7.017500
38.772888 -6.052528
39.201942 -4.680861
40.186279 -2.735833
40.987919 -2.264194
40.774555 -1.934167
41.314972 -1.961250
43.559166 0.714583
46.011665 2.429528
47.965443 4.477500
50.830418 9.419167
50.902058 10.314944
51.415417 10.443333
51.022057 10.420806
51.291248 11.833306
50.797611 11.986111
49.426666 11.337889
47.412498 11.179583
46.440807 10.683750
45.805832 10.867889
44.575806 10.375389
43.156612 11.612944
42.527473 11.522889
43.376194 11.988361
43.327026 12.475778
41.189972 14.623722
40.209972 14.948722
39.875000 15.507889
39.712029 15.095000
38.557056 18.060110
37.412056 18.875000
37.111195 21.214167
37.318748 21.065001
36.895416 22.063334
35.667889 22.946611
35.476223 23.934221
35.793751 23.909222
35.138748 24.513332
33.586224 27.847500
32.625389 28.976639
32.478359 29.940416
32.558670 29.935053
32.284500 31.232805
31.919167 31.531221
>
-81.082581 8.808389
-81.894836 9.188250
-81.789192 8.943333
-82.244919 8.998306
-83.880028 11.292611
-83.197441 14.328083
-83.385170 15.250861
-85.021774 15.987306
-88.146553 15.681667
-88.936531 15.890583
-88.217361 16.957443
-88.093140 18.355223
-88.398193 18.378305
-88.052002 18.856833
-87.839249 18.188194
-87.415222 19.592333
-87.743553 19.671862
-86.789886 21.342583
-88.136803 21.630028
-90.282166 21.053223
-90.719193 19.363056
-91.556252 18.439667
-92.345085 18.679193
-94.416832 18.060806
-95.185806 18.719139
-95.857414 18.716557
-97.773247 22.073029
-97.891113 22.597500
-97.866280 24.525000
-97.809608 25.258278
-97.410027 25.424610
-97.527496 25.015388
-97.144531 25.960056
-97.422112 27.263306
-97.782112 27.281639
-97.404587 27.330807
-97.192780 28.170168
-96.401253 28.443306
-96.663391 28.722029
-95.973503 28.658138
-96.217529 28.490360
-95.122581 29.068361
-94.991501 29.714251
-94.468613 29.557362
-94.771500 29.360806
-93.842194 29.678917
-93.862915 29.990473
-93.835419 29.693083
-92.323586 29.532333
-91.828804 29.832750
-90.858276 29.088278
-90.444969 29.349861
-90.114944 29.140722
-90.196053 29.569111
-89.766693 29.479555
-89.414169 28.919556
-88.998642 29.182611
-89.707947 29.562500
-89.237946 29.887472
-90.407555 30.212418
-88.136696 30.310722
-88.001190 30.775057
-87.776421 30.374882
-88.030220 30.221695
-87.027695 30.606583
-87.186386 30.342443
-86.199364 30.493807
-86.515892 30.389973
-85.582527 30.311251
-85.356636 29.663334
-84.208336 30.139584
-83.682198 29.924944
-82.626282 28.871639
-82.853775 27.869972
-82.404587 27.945833
-82.693779 27.474167
-82.358803 26.914972
-82.000473 26.976667
-81.732086 25.910807
-81.026276 25.564138
-81.089996 25.117056
-80.552925 25.168877
-80.566666 24.954556
-80.031670 26.805944
-81.602112 31.209999
-80.669334 32.215668
-80.826836 32.497307
-80.617554 32.255722
-78.777443 33.766609
-76.330864 34.885387
-76.975861 35.000389
-76.466248 35.262470
-76.995529 35.483639
-76.154137 35.326248
-75.727806 35.625526
-75.849388 35.974918
-76.034195 35.648750
-76.058304 35.992889
-76.737053 35.933308
-76.210030 36.300419
-75.796417 36.071529
-75.955940 36.720749
-75.538414 35.776695
-75.996613 36.923168
-76.986053 37.242332
-76.410675 37.090805
-76.809250 37.532001
-76.503830 37.245529
-76.298637 37.561085
-76.929611 37.983944
-76.363052 37.608223
-76.237640 37.890835
-77.337753 38.345028
-77.236115 38.662388
-76.323776 38.037418
-76.631081 39.260750
-75.876167 39.539471
-76.379219 38.852360
-75.641251 37.975834
-75.948303 37.119530
-75.052917 38.410000
-75.537140 39.731667
-74.862526 38.942055
-74.097137 39.766640
-74.290886 40.508999
-73.589195 41.042889
-71.482307 41.359028
-71.405060 41.819389
-71.194557 41.452778
-69.954582 41.646610
-70.056557 42.041611
-70.334305 41.708694
-71.059196 42.370777
-70.259781 43.716473
-69.780281 43.742638
-69.790192 44.089916
-69.210915 43.932556
-68.825691 44.666443
-68.824921 44.309971
-68.244362 44.586418
-68.058891 44.331612
-66.948753 44.816639
-67.187164 45.226471
-66.458336 45.058723
-64.337997 45.880669
-64.943695 45.330166
-63.377251 45.360889
-64.103416 45.002472
-64.495636 45.336693
-66.111694 44.498695
-66.170502 43.800194
-65.469276 43.450390
-64.305695 44.566193
-63.648388 44.431252
-63.662498 44.726276
-61.311249 45.190807
-60.960419 45.322498
-61.909248 45.882889
-63.281361 45.707890
-64.709251 46.314610
-64.796860 47.074638
-65.418892 47.070278
-64.805725 47.805084
-65.669586 47.601223
-65.830864 47.910084
-66.795502 47.987057
-65.243385 48.011223
-64.316696 48.417915
-64.603333 49.111252
-66.171722 49.207085
-68.184135 48.635418
-71.193443 46.813057
-69.906250 47.769028
-69.989197 48.257362
-67.376694 49.317890
-66.456696 50.267887
-59.905029 50.262917
-58.690029 51.261250
-56.958363 51.423752
-55.692528 52.088333
-56.250805 52.450001
-55.627529 52.444942
-56.540833 52.603279
-55.765862 52.593307
-56.194221 52.831612
-55.800888 53.334972
-56.483360 53.788750
-57.371693 53.425388
-57.127529 53.939999
-58.175056 54.237888
-60.772499 53.245808
-58.380890 54.227501
-59.593361 54.037109
-57.334194 54.580807
-58.189194 54.748333
-57.943359 54.930389
-58.973362 54.827084
-59.028416 55.154556
-59.404999 54.968693
-59.196640 55.239529
-59.935028 54.744556
-59.415890 55.158333
-59.987530 55.107471
-59.778332 55.335388
-60.695831 54.986668
-60.322582 55.777500
-60.669998 55.548752
-60.595001 55.812084
-61.753307 55.964558
-61.320862 56.224140
-62.026749 56.226276
-61.580807 56.282501
-62.224251 56.471638
-61.650833 56.539192
-62.539223 56.755806
-61.671696 56.618721
-61.362499 57.099972
-62.532555 57.489140
-61.892502 57.632500
-62.679195 57.929138
-62.450001 58.172890
-63.355862 57.969139
-62.557583 58.479973
-63.607555 58.291668
-62.852501 58.700806
-63.138306 59.054558
-64.050888 59.019169
-63.357555 59.197498
-64.699165 60.024971
-64.367531 60.246666
-64.848442 60.372917
-65.536667 59.745693
-65.013885 59.383472
-65.747665 59.270527
-65.315475 59.045723
-66.086418 58.818359
-65.970947 58.272667
-66.376945 58.854832
-67.674667 58.015110
-68.007637 58.584862
-68.684776 58.002583
-68.348473 58.781582
-70.255554 58.777222
-69.846390 59.059944
-69.546112 58.809113
-69.238029 59.322945
-69.761169 59.321556
-69.717499 59.966640
-70.874725 60.045918
-69.617310 60.071445
-69.504082 61.067638
-69.897415 60.799278
-71.619698 61.153557
-71.554581 61.617195
-72.270721 61.574165
-73.694748 62.482193
-74.532196 62.106945
-77.427887 62.581890
-78.194557 62.254696
-77.483498 61.533195
-78.226471 60.783779
-77.509445 60.840389
-77.195557 60.043720
-78.600609 58.677528
-77.001999 58.021057
-76.525414 56.375751
-77.631554 55.278194
-79.761360 54.634335
-79.031975 54.169750
-78.405975 52.233002
-79.045723 51.763027
-78.859474 51.172558
-79.311333 51.663860
-79.757805 51.132557
-80.628807 51.270527
-80.568581 51.700890
-82.330780 52.943832
-82.326500 55.151360
-85.208580 55.235474
-90.803169 57.323193
-92.811859 56.913918
-92.428169 57.350945
-93.176750 58.737026
-94.201584 58.789028
-94.256752 58.405998
-94.968887 59.059361
-94.757195 60.515640
-93.261444 61.734859
-93.641220 61.953083
-91.850586 62.572140
-92.400024 62.839611
-91.386360 62.780556
-90.629219 63.158195
-91.717545 63.684902
-92.462944 63.517223
-92.227386 63.745808
-93.948776 63.917667
-93.807671 64.214386
-90.650330 63.445415
-89.980278 64.162170
-88.113167 64.145447
-86.910530 65.140831
-90.923531 65.925919
-89.821777 65.992416
-87.340195 65.320274
-85.857834 66.159309
-86.769447 66.539948
-83.807030 66.143608
-85.177307 66.910164
-83.910141 66.916725
-83.349831 66.345169
-81.188416 67.454391
-82.643692 68.438469
-81.237968 68.640053
-82.041527 68.881416
-81.321747 69.199081
-83.255302 69.537415
-82.547859 69.701111
-85.542252 69.861946
-84.711281 68.728226
-85.620888 68.737053
-86.512276 67.334084
-87.499725 67.107056
-88.225891 68.918915
-89.330917 69.244637
-90.248390 68.186722
-91.427444 69.358330
-90.349136 69.459274
-92.876221 69.690887
-92.357803 70.244499
-91.504974 70.183914
-94.483559 71.994194
-96.599892 70.823753
-95.754059 70.716942
-96.185860 69.862251
-93.341835 69.377472
-94.260887 69.321808
-94.615860 68.751663
-93.822220 69.014221
-93.455582 68.579475
-95.468391 68.062752
-95.303970 67.166473
-96.446114 67.465858
-95.882278 68.301003
-96.667747 68.006310
-96.367889 68.320503
-97.303749 68.507111
-98.680969 68.398834
-98.067345 67.916924
-97.206497 67.950218
-97.311279 67.520027
-98.563889 68.105637
-98.886253 67.688164
-102.216751 67.659363
-103.384109 68.158607
-104.996635 68.154808
-106.188919 68.946747
-108.811333 68.265831
-107.559914 68.166641
-105.740898 68.595100
-108.028778 67.775253
-107.043915 67.137917
-107.066475 66.818611
-107.762695 66.961555
-107.206696 66.347252
-108.536003 67.062309
-107.964310 67.283302
-110.036026 68.010918
-111.866081 67.668198
-115.097748 67.802559
-115.248558 68.188858
-113.888725 68.397972
-114.977837 68.871002
-117.069664 68.878609
-121.880165 69.817253
-124.374275 69.335915
-124.525749 70.200531
-125.464470 69.311386
-128.040146 70.577309
-127.449081 70.140915
-130.880997 69.305916
-129.667969 70.255638
-133.021118 69.359695
-134.205887 69.247948
-134.498444 69.708832
-135.999359 69.206306
-135.294968 68.639915
-143.255051 70.117889
-151.200027 70.352058
-152.603882 70.545807
-152.262589 70.840446
-154.187576 70.768753
-155.075104 71.130447
-155.997467 70.749832
-155.568924 71.161613
-156.485077 71.388725
-157.816772 70.866837
-159.657471 70.796219
-159.843719 70.310837
-160.127670 70.607109
-161.925171 70.294556
-163.951782 68.989525
-166.230392 68.877083
-166.848007 68.337776
-164.169312 67.626282
-163.697922 67.106583
-161.653534 67.022308
-161.488358 66.525803
-160.211746 66.458000
-161.583466 66.441719
-162.471497 66.952415
-161.091812 66.112419
-163.760971 66.061333
-164.404053 66.582443
-168.105331 65.685112
-166.053497 65.251694
-166.960175 65.163780
-166.212357 64.578697
-163.167664 64.395920
-163.134384 64.652863
-162.793839 64.323387
-161.747284 64.845413
-160.786285 64.717857
-161.536087 64.417442
-160.728699 63.870750
-161.143021 63.503471
-162.313354 63.543720
-163.308273 63.003750
-164.426727 63.211613
-166.125137 61.493500
-165.562119 61.087582
-164.783386 61.139332
-165.128922 60.916584
-163.418243 60.726471
-164.492310 60.554359
-164.128021 59.836555
-162.195450 60.157612
-161.520966 59.104584
-162.136200 58.633919
-160.339249 59.077251
-158.885117 58.391724
-158.539413 59.141582
-158.188812 58.611694
-156.841660 59.035694
-157.535522 58.399139
-157.400894 57.486668
-160.334854 56.294308
-160.256729 55.767887
-161.803925 55.896500
-163.356689 54.811249
-162.973877 55.028809
-162.552582 54.957500
-162.645187 55.303360
-161.962051 55.106251
-161.579605 55.620808
-161.236694 55.354916
-159.816895 55.855862
-159.600021 55.563168
-155.614883 57.792442
-154.212479 58.134418
-153.249969 58.852501
-154.165497 59.010307
-154.141312 59.373528
-150.581329 61.359943
-149.153397 61.502972
-150.078979 61.157307
-148.969162 60.807472
-150.390411 61.040001
-151.414215 60.719971
-151.866714 59.760693
-150.929977 59.791500
-151.742645 59.156582
-149.740616 59.636555
-149.723328 59.954193
-149.525909 59.705002
-149.426743 60.122917
-148.426331 59.948891
-147.935883 60.438332
-148.714188 60.786667
-147.721085 61.276638
-147.876663 60.825417
-147.519974 61.154640
-147.385025 60.871223
-146.315552 61.133945
-146.738495 60.908222
-146.053024 60.824806
-146.656616 60.684891
-146.045135 60.795776
-145.948441 60.453720
-144.878311 60.457306
-144.251755 60.024582
-141.411255 60.139832
-140.314972 59.692028
-139.514938 60.056641
-138.885773 59.806641
-139.300201 59.561195
-139.505173 59.991196
-139.862717 59.535751
-136.686691 58.210361
-136.039215 58.384972
-137.048080 59.067501
-136.236755 58.751221
-136.185715 59.068138
-135.920883 58.380806
-135.090897 58.240833
-135.349564 59.480751
-134.782700 58.393307
-134.146866 58.201973
-133.713333 58.538166
-134.055969 58.062389
-133.135773 57.864223
-133.589188 57.770084
-132.893692 57.495918
-133.662521 57.714169
-133.057465 57.357555
-133.572495 57.183334
-131.491104 56.236557
-132.185883 55.589169
-131.030869 56.102001
-130.705078 55.755806
-130.866745 54.770443
-130.138000 55.328922
-129.933105 55.948776
-130.171799 55.073750
-129.660828 54.978306
-130.442551 54.654140
-129.987549 54.304138
-130.448471 54.648724
-130.489243 54.364140
-129.557526 54.220833
-130.110886 53.950001
-129.315216 53.371223
-128.686005 53.997612
-128.769882 53.547359
-128.121277 53.491360
-128.988632 53.544998
-127.831802 52.736195
-128.410858 52.290833
-128.019135 52.524811
-127.876442 52.196251
-127.004112 52.666222
-127.899139 51.819168
-127.678360 51.462082
-127.245804 51.681641
-127.782532 51.321667
-127.060921 51.351665
-127.785889 51.162498
-126.656609 51.195915
-127.530861 51.014168
-126.193359 50.947945
-126.585915 50.849167
-126.222740 50.695927
-125.536720 50.996223
-126.299164 50.631668
-125.706749 50.421249
-125.471695 50.721249
-125.595886 50.449196
-125.117554 50.428307
-124.821526 50.929195
-125.080887 50.324165
-124.339806 50.506779
-124.808304 50.010750
-124.265831 49.742058
-123.851807 50.162693
-123.526306 49.704166
-123.969612 49.512470
-123.170830 49.692890
-123.161331 49.017471
-122.491417 48.752419
-122.200974 47.506672
-122.907799 47.046513
-122.494583 47.511665
-122.605888 47.942028
-123.158554 47.353500
-122.756805 48.145306
-124.731277 48.381668
-124.173859 46.927334
-123.806252 46.971668
-124.088303 46.270638
-123.431305 46.244167
-124.023361 46.229916
-124.568443 42.839169
-124.064026 41.444695
-124.412498 40.441666
-123.731667 38.921555
-123.023026 37.994415
-122.256973 38.060833
-122.008942 37.464169
-122.478386 37.809555
-122.407112 37.196640
-120.641441 35.135139
-120.638695 34.559387
-118.534554 34.033833
-117.435028 33.254250
-115.699974 29.754833
-114.047501 28.465139
-114.277557 27.903168
-113.957779 27.656055
-115.026810 27.740417
-113.626472 26.719221
-113.167137 26.992832
-112.238914 26.083973
-112.176086 24.814112
-110.328392 23.560278
-110.008751 22.892389
-109.459053 23.198334
-109.826836 24.061167
-110.681725 24.359861
-111.441917 26.519388
-112.703941 27.753500
-112.845749 28.441168
-114.565697 30.011307
-114.954750 31.881001
-113.107246 31.205139
-112.174889 28.967806
-111.106415 27.936056
-110.501503 27.869167
-110.523941 27.291361
-109.093391 26.286362
-109.399635 25.681639
-108.044197 25.068750
-107.995583 24.646723
-105.973442 22.879944
-105.190331 21.460917
-105.540337 20.770140
-105.246780 20.582361
-105.695274 20.409889
-105.519302 20.032473
-103.509918 18.312668
-101.950142 17.960943
-101.071724 17.266472
-96.563416 15.645000
-94.319138 16.139973
-91.305336 13.948833
-88.467888 13.157444
-88.717499 13.264222
-87.404083 13.417722
-87.303474 12.924972
-87.692360 12.909472
-85.670670 11.060333
-85.952583 10.892611
-85.661057 10.776000
-85.672554 9.904889
-85.110107 9.554944
-84.862442 9.829750
-85.282639 10.267694
-84.741417 9.968944
-83.622444 9.041167
-83.569191 8.440556
-83.277252 8.386417
-83.380386 8.744778
-82.892693 8.033222
-82.718086 8.326694
-81.760719 8.213528
-81.515640 7.709056
-81.056221 7.914889
-80.890030 7.205639
-80.439636 7.239833
-79.992470 7.516472
-80.473389 8.230778
-79.545929 8.943615
-79.640701 9.050504
-79.786240 9.000970
-80.086205 9.018942
-79.875092 9.320334
-79.909500 9.359440
-81.082581 8.808389
>
-73.361725 -53.000416
-72.977585 -53.082443
-72.926750 -52.556252
-71.545082 -52.568943
-71.349251 -53.127529
-71.966721 -53.578751
-71.855080 -53.231277
-72.484169 -53.395000
-71.283363 -53.900444
-70.882942 -52.738998
-69.216721 -52.202805
-68.352501 -52.340637
-68.967529 -51.625862
-69.585861 -51.607529
-68.954193 -51.570000
-69.429253 -51.091667
-68.360832 -50.166721
-68.727501 -49.756668
-68.343414 -50.126251
-67.917557 -50.009220
-67.572525 -49.043331
-65.765472 -47.917500
-65.739555 -47.202530
-66.794167 -46.998722
-67.627083 -46.052502
-66.949196 -45.267113
-65.521248 -44.931667
-65.332108 -43.663361
-64.306274 -42.977554
-64.979164 -42.652943
-64.394997 -42.518749
-64.092529 -42.877945
-63.584641 -42.616669
-63.765057 -42.075443
-64.470863 -42.441277
-65.047142 -42.055832
-65.007942 -40.718361
-63.790054 -41.167084
-62.382526 -40.911278
-62.313721 -39.298363
-62.006248 -39.382526
-62.340889 -38.770443
-61.110832 -39.002945
-58.506695 -38.542973
-57.547527 -38.103748
-56.668777 -36.887527
-56.730415 -36.334167
-57.379581 -35.970028
-57.197918 -35.303333
-58.569611 -34.417526
-58.442528 -33.070442
-58.429611 -33.919250
-57.855831 -34.477112
-56.161720 -34.935444
-54.150860 -34.670471
-52.595444 -33.059193
-52.274166 -31.777945
-51.095444 -30.371695
-51.303749 -30.005028
-50.568779 -30.464222
-52.085888 -32.164612
-50.794640 -31.142529
-49.699612 -29.301666
-48.762081 -28.538361
-48.465443 -27.145861
-48.812138 -26.309221
-48.348721 -25.571667
-48.740860 -25.372944
-48.212502 -25.468750
-47.572498 -24.678778
-46.380165 -23.898693
-45.413361 -23.824556
-44.412529 -22.943777
-43.557529 -23.077917
-43.083332 -22.678778
-43.050861 -22.982111
-42.014168 -22.997084
-41.961693 -22.531250
-40.984612 -22.002501
-41.071278 -21.501667
-39.808750 -19.605000
-39.698750 -18.373333
-39.137054 -17.690805
-38.845749 -12.834806
-38.690861 -12.584611
-38.471668 -13.014611
-38.068748 -12.666694
-34.939583 -8.355833
-34.794582 -7.154167
-35.260445 -5.481667
-35.616695 -5.112083
-37.150333 -4.974167
-38.474998 -3.702944
-40.022472 -2.837083
-42.260860 -2.859583
-43.421665 -2.332111
-44.818333 -3.357944
-44.749557 -2.623333
-44.360474 -2.336722
-44.987946 -2.448361
-44.482944 -2.050861
-44.832916 -1.414167
-45.239166 -1.851278
-45.326668 -1.317889
-45.521694 -1.512083
-45.415417 -1.291694
-45.695026 -1.431278
-45.987530 -1.045444
-46.147472 -1.304611
-46.196667 -0.888833
-46.347527 -1.113778
-47.290890 -0.596278
-47.367111 -0.829194
-48.053360 -0.659639
-48.494640 -1.462556
-48.067081 -1.550028
-48.446640 -1.707111
-48.652500 -1.394639
-49.485863 -2.382917
-49.688999 -2.676270
-49.276001 -1.733360
-50.522999 -1.927340
-50.858002 -0.913212
-52.201000 -1.690310
-52.712002 -1.603470
-51.993999 -1.394900
-51.700916 -0.992389
-51.311279 -0.079194
-49.898472 1.198111
-50.138443 1.209778
-49.932693 1.711722
-50.766666 2.102139
-51.301334 4.250500
-51.548779 4.427250
-51.657391 4.059528
-52.290859 4.947917
-54.169277 5.883694
-57.143581 5.836583
-58.341694 6.892083
-58.690029 6.382083
-58.479862 7.334694
-59.044971 7.958750
-60.226692 8.642806
-60.875889 8.590389
-60.855026 9.437861
-61.636665 9.902917
-62.338860 9.818194
-62.888748 10.374972
-61.866638 10.746167
-64.260864 10.667028
-63.642887 10.492472
-65.055054 10.063722
-66.234169 10.653750
-68.129196 10.488750
-68.395859 11.187083
-69.623337 11.474528
-70.019890 12.202389
-70.235443 11.635833
-69.803360 11.697056
-69.788330 11.431250
-70.137497 11.571222
-71.590446 10.796667
-71.025002 9.716583
-71.072281 9.311528
-71.709389 9.052056
-72.131165 9.813389
-71.578751 10.704972
-71.964668 11.557444
-71.109612 12.051528
-71.665886 12.464500
-73.271721 11.292083
-74.142525 11.341194
-74.276695 11.002083
-74.843330 11.113722
-75.258835 10.807556
-75.702530 10.147667
-75.619583 9.451611
-76.937141 8.557500
-76.771027 7.914028
-77.872948 9.116556
-78.971001 9.564722
-79.624336 9.616500
-79.905067 9.366343
-79.538925 8.950601
-79.087776 9.040778
-78.420998 8.347444
-78.058945 8.424167
-78.401642 7.923806
-77.294113 6.558167
-77.530807 4.205667
-77.023476 3.919472
-77.131889 3.637167
-77.767670 2.663417
-78.562500 2.441528
-78.530357 1.766500
-79.033386 1.635722
-78.928497 1.063750
-80.090836 0.775472
-79.948364 0.170306
-80.500443 -0.392500
-80.275414 -0.670000
-80.911247 -1.054194
-80.898804 -2.330833
-80.247498 -2.738778
-79.877525 -2.217111
-79.714638 -2.596694
-80.004669 -3.375028
-81.255417 -4.272528
-80.852112 -5.656694
-81.152138 -5.979167
-79.981277 -6.750861
-78.984612 -8.212528
-77.657913 -11.290000
-76.202110 -13.395833
-76.398804 -13.907500
-75.916275 -14.654194
-75.143333 -15.406278
-71.476723 -17.291222
-70.307167 -18.439222
-70.122948 -20.009222
-70.057083 -21.440027
-70.628807 -23.504999
-70.449608 -25.367500
-71.520447 -28.913334
-71.277138 -29.910028
-71.719582 -30.599167
-71.618805 -33.625832
-73.155418 -37.115002
-73.685448 -37.332500
-73.193748 -39.442501
-73.959610 -41.006721
-73.486275 -41.569168
-73.765030 -41.748749
-72.950859 -41.474583
-72.578461 -41.587475
-72.282913 -41.393307
-72.884613 -41.914139
-72.352943 -42.175804
-72.489166 -42.512943
-72.844582 -42.302528
-72.496277 -42.619167
-72.825447 -42.515862
-73.102943 -43.459194
-72.740387 -43.845028
-73.287109 -44.165028
-72.549637 -44.527500
-73.516251 -45.200027
-72.772110 -45.407528
-73.492920 -45.458389
-73.572525 -45.784611
-73.141304 -45.653362
-73.637474 -46.539612
-73.869164 -46.144611
-74.459610 -46.199196
-73.994583 -46.152527
-74.333748 -46.132526
-74.084251 -45.814640
-74.430885 -46.047943
-74.727501 -45.813751
-75.091248 -45.884998
-74.563782 -46.047558
-74.854614 -46.372501
-75.622086 -46.729195
-75.298363 -46.947109
-75.522110 -46.716667
-74.869247 -46.437111
-74.850029 -46.808750
-74.211693 -46.754665
-73.923775 -47.211666
-74.513748 -47.454193
-73.915421 -47.509193
-74.729614 -47.714195
-73.730888 -47.625473
-73.227219 -48.019222
-73.678780 -47.921665
-73.386803 -48.288776
-74.652138 -48.010029
-73.841362 -48.407555
-74.395447 -48.601692
-74.052971 -48.744999
-74.412529 -49.395832
-74.038330 -49.192944
-73.649307 -49.724167
-74.319191 -49.639999
-73.861557 -50.301277
-74.700920 -50.209999
-73.962387 -50.375027
-74.036667 -50.851276
-73.569969 -50.387081
-73.339249 -50.694195
-74.237473 -50.923332
-73.660858 -51.111694
-73.930862 -51.628334
-73.389763 -52.042664
-73.402557 -51.634193
-73.171013 -52.036415
-73.362556 -51.555027
-72.603050 -51.772179
-73.425858 -51.465027
-72.933525 -51.156891
-73.144165 -51.521667
-72.479225 -51.792526
-72.918358 -52.476276
-72.770805 -51.969223
-72.988388 -52.363777
-72.998337 -52.083805
-73.739197 -52.043362
-73.703392 -52.796307
-72.890892 -52.501667
-73.362610 -53.000000
-73.361725 -53.000416
>
180.000000 -78.125282
173.849396 -77.445999
166.780579 -77.173775
166.698975 -77.876442
164.532974 -77.987389
162.314056 -76.955750
162.793030 -75.464310
164.774414 -75.564857
163.478424 -75.202026
164.046921 -74.634331
165.473007 -74.634499
164.839996 -74.102608
166.148468 -74.082054
167.601715 -73.361443
169.145645 -73.433556
169.779388 -72.201942
171.111618 -71.848221
170.382751 -71.316666
170.315002 -71.671028
166.617813 -70.541496
162.003891 -70.433525
159.192535 -69.300499
155.268311 -68.952026
153.651550 -68.330276
148.261368 -68.399414
148.453171 -67.826859
145.205521 -67.531334
146.637451 -67.169945
146.405243 -66.832420
144.649994 -67.125748
136.374283 -66.361694
134.839478 -65.243637
134.379715 -66.173973
129.485031 -65.929611
129.892242 -66.897552
128.255249 -67.050636
126.353142 -66.246719
124.210609 -66.094666
123.029915 -66.788887
121.202667 -65.619637
121.299393 -66.708275
117.789558 -66.979385
116.000000 -66.345665
114.426888 -66.438332
113.124641 -65.724693
111.298164 -65.928886
108.669197 -66.964165
102.870308 -65.110664
102.496918 -65.688469
100.609718 -65.381470
99.491417 -65.915421
95.866859 -65.042664
95.572418 -66.148499
94.393143 -66.609612
92.015892 -66.487221
89.531830 -66.835915
88.017944 -66.007500
83.655807 -66.571136
81.830559 -65.759415
81.430664 -66.258553
82.391113 -67.194138
81.371780 -67.785194
78.828171 -68.197861
77.805336 -69.103416
75.918221 -69.543472
75.514915 -69.203552
73.812500 -69.740860
72.406197 -68.981056
70.477554 -68.668831
69.635582 -67.746056
59.108665 -67.426498
56.586807 -66.921860
57.064720 -66.471748
53.702415 -65.872498
50.422054 -66.373306
50.794418 -67.178970
49.194668 -66.811165
48.342220 -67.165749
49.239471 -67.300804
48.148724 -67.663582
46.686443 -67.236664
46.138668 -67.658859
41.000000 -68.539581
38.623943 -70.096581
37.856140 -69.507858
37.058807 -69.664612
34.142666 -68.584862
33.174583 -68.811310
33.311306 -69.512032
32.000000 -69.523109
30.923195 -69.014832
29.177361 -69.753555
24.087667 -70.427803
17.855278 -69.679527
15.625667 -69.816109
15.161611 -69.299469
12.728417 -70.066719
7.332056 -69.995247
6.452972 -70.328552
0.636611 -70.010414
0.000000 -68.925751
-1.147917 -68.945969
-0.652028 -69.589165
-2.373278 -70.200607
-7.868500 -70.653305
-9.017333 -70.426559
-12.211833 -71.358971
-12.886528 -72.032143
-15.103917 -72.080025
-17.383278 -72.674164
-18.817444 -72.559830
-20.403194 -73.826859
-26.685028 -75.493080
-26.949306 -76.105331
-31.267471 -77.186249
-33.562805 -77.288971
-35.632942 -78.057442
-41.097942 -77.699387
-41.837444 -77.959473
-42.353863 -77.664497
-45.274471 -78.132416
-61.978390 -74.921860
-59.852390 -73.223442
-60.747612 -70.294525
-58.973057 -68.249443
-59.988083 -68.237747
-60.975082 -66.693192
-58.581360 -63.954887
-56.738972 -63.591667
-57.314472 -63.220943
-60.972084 -64.033691
-63.065861 -65.156136
-63.866417 -65.028221
-63.646751 -65.519691
-65.625252 -66.098694
-65.750862 -66.696388
-66.578857 -66.644165
-66.486115 -67.312691
-67.476059 -67.028221
-67.625809 -67.546219
-66.517998 -67.493553
-67.306442 -67.954330
-66.594940 -68.220108
-68.843529 -69.412331
-68.413696 -69.771774
-69.211861 -69.976471
-70.514999 -68.769775
-72.125557 -69.070358
-71.629807 -69.348663
-72.650192 -69.324112
-72.674942 -69.641052
-76.103889 -69.662560
-74.219780 -70.519859
-75.477776 -70.797302
-73.215553 -71.041611
-75.532532 -71.632774
-72.499107 -72.175026
-72.071892 -73.234055
-77.290527 -72.399055
-78.883278 -72.828415
-78.311470 -73.433441
-79.622139 -72.969330
-88.297302 -72.950027
-88.025169 -72.405525
-95.571358 -72.689720
-96.694557 -72.504997
-95.755836 -72.323555
-96.589806 -71.807442
-101.765671 -71.926170
-103.757805 -72.366081
-103.212387 -73.220665
-100.896416 -73.554581
-102.277641 -73.553917
-101.502304 -75.058525
-105.064194 -74.821526
-105.447304 -75.252136
-105.074219 -74.234665
-107.526054 -74.251305
-108.839554 -74.783501
-113.878471 -73.852386
-119.000000 -73.892944
-125.136887 -73.189415
-130.454437 -74.339310
-137.106720 -74.946053
-138.755814 -74.648499
-140.211716 -75.446999
-146.064728 -75.797081
-145.239746 -76.252914
-151.921310 -76.370636
-150.472443 -76.796997
-152.342331 -77.263359
-158.279465 -76.969025
-158.774551 -77.779083
-163.903397 -78.224052
-164.446579 -78.570358
-177.615967 -78.388580
-180.000000 -78.125282
>
146.230026 -38.697083
147.972076 -37.893360
147.454132 -38.079613
147.657471 -37.850445
149.979614 -37.505054
150.152969 -35.700974
150.842941 -35.066692
150.602951 -34.865833
151.201218 -33.510834
152.542938 -32.444221
152.359558 -32.186668
153.065414 -31.058390
153.639587 -28.638361
153.024582 -27.294193
153.192947 -25.931694
151.769562 -24.020861
150.791672 -23.509611
150.668304 -22.347082
150.635864 -22.660444
150.041672 -22.125418
150.060410 -22.658361
149.812500 -22.382111
149.630478 -22.584999
148.772949 -20.236694
146.260437 -18.863388
145.957886 -16.897528
145.402145 -16.434999
145.347885 -14.949194
144.515060 -14.166250
143.772919 -14.399194
143.545410 -12.844167
142.534164 -10.688722
142.130386 -10.961694
142.079605 -11.985861
141.586227 -12.558361
141.976837 -12.594778
141.461243 -13.852528
141.667023 -15.040861
140.609161 -17.613806
139.598358 -17.538778
139.036636 -16.912916
136.676666 -15.926306
135.411224 -14.934972
136.072113 -13.667528
135.909561 -13.285000
136.461670 -13.253778
136.462082 -12.777500
136.977966 -12.348333
136.564133 -11.879611
136.016693 -12.498778
136.044998 -12.064611
135.652893 -12.206667
135.912506 -11.952917
135.215393 -12.300861
134.748383 -11.951250
134.150894 -12.174583
133.915833 -11.742083
133.508331 -11.879583
131.973328 -11.127111
131.767883 -11.325833
132.722977 -11.623333
132.762939 -12.154583
131.462494 -12.285444
131.287521 -12.045444
130.812134 -12.408333
130.964966 -12.671278
130.575836 -12.407111
130.732086 -12.728333
130.351227 -12.670028
130.317978 -13.373333
129.816635 -13.499583
129.365417 -14.339972
129.998779 -14.705861
129.605835 -15.206250
129.289993 -14.862083
129.125854 -15.281278
129.092529 -14.904611
128.559143 -14.766278
128.199585 -15.069222
128.372147 -15.496694
128.128326 -15.186250
128.009979 -15.513750
128.227051 -14.714194
127.428329 -13.942944
126.874969 -13.747139
126.612526 -14.250417
126.535805 -13.932083
126.230026 -14.250417
126.009171 -13.920389
125.918358 -14.677083
125.614166 -14.230472
125.137886 -14.745833
125.506691 -15.172056
124.829559 -15.157472
125.249580 -15.581667
124.675026 -15.254583
124.360420 -15.670028
124.495003 -16.002972
124.750389 -15.810889
124.391304 -16.339222
124.976250 -16.381721
124.400024 -16.565445
123.557503 -16.173750
123.504585 -16.662500
123.971275 -16.825832
123.930809 -17.267918
123.569527 -17.037556
123.566719 -17.627083
122.922531 -16.387943
122.172920 -17.263332
122.369553 -18.117500
121.113304 -19.539612
119.092468 -19.957916
117.377472 -20.777082
116.804169 -20.523779
114.645836 -21.837917
114.330025 -22.522139
113.990417 -21.872528
113.396248 -24.406694
114.231224 -26.315889
113.870804 -25.942083
113.722084 -26.200027
113.509109 -25.505417
113.837914 -26.591667
113.152863 -26.149195
114.867058 -29.114195
115.052109 -30.507528
115.882942 -31.961695
115.697914 -33.300861
115.000420 -33.528362
115.128304 -34.372944
116.624138 -35.057945
117.953308 -35.128777
119.903358 -33.934582
123.526665 -33.937973
124.234138 -33.019585
125.957497 -32.288776
131.152466 -31.464582
134.181671 -32.485416
134.059616 -32.914139
134.707916 -33.181667
135.518753 -34.614193
135.112885 -34.590000
135.957504 -35.007915
135.933716 -34.534195
137.781006 -33.000000
137.754135 -32.458778
137.977921 -33.553360
137.450439 -34.140030
137.452942 -34.908333
137.015839 -34.895443
136.851700 -35.285416
137.762558 -35.117943
138.094193 -34.135418
138.567856 -34.826668
138.097855 -35.626694
138.890808 -35.533749
139.517563 -35.961250
139.722473 -36.288807
139.612106 -36.156723
139.740356 -37.183308
140.581665 -38.032917
143.556641 -38.858749
144.928299 -37.842918
145.116272 -38.148335
144.658356 -38.311279
145.488312 -38.235443
145.371643 -38.539612
146.276215 -39.000000
146.230026 -38.697083
>
-44.699280 59.994999
-44.113361 60.352890
-43.139137 60.071667
-44.219276 60.552502
-42.871639 60.546223
-43.529221 60.811668
-42.704224 61.055805
-43.629250 61.124111
-42.638363 61.085419
-43.250916 61.326694
-42.404221 61.488304
-43.080891 61.589943
-42.232555 61.697472
-42.874138 61.760834
-42.110832 61.999168
-42.997639 62.513306
-42.147499 62.378307
-43.155777 62.745834
-41.781723 62.819557
-42.113388 63.247890
-41.310833 63.054111
-41.929222 63.464169
-41.140083 63.293694
-41.600861 63.484138
-40.745834 63.578278
-41.511696 63.857056
-40.509193 63.685001
-40.585808 64.106636
-41.569279 64.250832
-40.345806 64.343307
-41.133362 65.135414
-40.218445 64.983749
-39.930111 65.564552
-38.193390 65.614555
-37.871666 66.417946
-37.155834 66.308334
-37.805943 65.865829
-37.200054 65.742859
-37.255081 66.098724
-36.996639 65.854553
-35.585888 66.116692
-35.886639 66.442917
-34.790112 66.319557
-33.234249 67.682503
-32.050804 67.935837
-32.591721 68.644554
-31.626667 68.080414
-30.075083 68.137085
-29.991777 68.434586
-29.421778 68.217087
-26.386694 68.667915
-22.103832 70.099167
-25.280167 70.419609
-27.401667 69.951248
-28.596390 70.105804
-26.522583 70.471252
-29.251307 70.459137
-27.937471 71.155388
-26.802610 70.937920
-25.433695 71.275002
-28.460028 71.545418
-27.346390 71.705864
-28.370111 71.998718
-24.643888 71.347527
-23.377556 70.457085
-22.490139 70.867058
-22.423861 70.464996
-21.498693 70.519997
-22.336279 71.052498
-21.758751 71.493309
-22.578693 71.464973
-21.921278 71.738281
-23.154972 71.628777
-22.538694 71.924164
-24.619972 72.424583
-25.512556 72.115387
-25.256306 72.395805
-26.333778 72.388336
-24.588861 72.484192
-25.264999 72.801247
-26.642529 72.523781
-27.466249 72.837502
-25.096361 73.065804
-27.716278 73.124168
-26.353861 73.235001
-27.327612 73.496223
-26.000000 73.236221
-24.691278 73.504166
-25.762556 73.948753
-24.477583 73.536224
-24.142555 73.807892
-22.227612 73.612892
-24.093945 73.675858
-22.402611 73.247917
-20.411278 73.477501
-20.292557 73.858749
-21.725166 74.062920
-21.827557 73.641251
-22.486389 74.055832
-22.108889 74.604195
-19.645056 74.236221
-18.968779 74.484169
-21.060167 74.649559
-20.631666 75.052528
-22.454918 75.174164
-20.565166 75.189163
-22.501694 75.547470
-19.603361 75.128754
-19.351694 75.721664
-21.871695 75.967468
-19.785028 76.163307
-21.836611 76.213753
-22.735140 76.704140
-18.281750 76.820000
-18.405001 77.334167
-21.101860 77.540833
-19.171833 77.734970
-20.886833 78.018692
-21.986778 77.679558
-21.841722 78.140808
-17.631582 79.997475
-20.416889 79.762032
-20.627666 80.112503
-16.107500 80.517441
-21.277639 80.570030
-14.785056 80.894554
-12.872778 81.745247
-16.774611 81.929527
-18.398251 81.434586
-21.071611 81.590141
-24.780779 80.533333
-22.936083 82.070892
-27.811361 81.399414
-26.156668 81.986137
-34.272556 81.811142
-32.800861 82.186249
-25.773693 82.168053
-21.924749 82.629196
-26.940306 82.773247
-26.249750 83.168526
-36.880749 82.711807
-34.838806 83.165695
-26.799833 83.342224
-38.860695 83.530357
-39.735973 82.741997
-44.270443 83.275055
-45.907780 82.928474
-41.176888 82.722191
-40.879581 82.363335
-46.545334 82.778862
-43.267502 82.233330
-45.618942 82.259026
-45.307888 81.755974
-51.731667 82.514725
-50.349888 81.603500
-53.745472 81.983223
-54.805248 81.604553
-55.194527 82.330444
-60.120277 82.023666
-57.217499 81.334137
-59.755165 81.856224
-61.832638 81.785805
-61.787498 80.996635
-63.470222 81.203751
-63.107693 80.739197
-64.080276 81.117058
-67.467804 80.348335
-67.010025 80.053696
-63.847584 80.147499
-66.008553 79.117470
-69.043472 79.039581
-73.061638 78.176666
-69.319969 77.470390
-66.175110 77.604141
-66.160110 77.252892
-69.115028 77.275833
-66.356667 77.110420
-71.361694 77.064194
-67.918442 76.684975
-69.611809 76.418335
-68.526749 76.090446
-66.473305 75.910416
-67.110001 76.250359
-65.420082 76.019554
-63.396584 76.380386
-60.910168 76.163696
-56.151196 74.556641
-57.303833 74.102448
-56.076305 74.279968
-55.696335 73.058304
-54.271332 72.488304
-55.626221 72.450806
-54.693748 72.369110
-55.250027 71.927086
-54.393806 72.242500
-55.868805 71.686668
-53.907471 71.444580
-53.572445 72.359558
-53.277611 71.714554
-51.703720 71.742500
-53.006279 71.422470
-51.368721 71.484169
-52.538692 71.166641
-51.516335 71.304192
-52.226334 71.113304
-50.936333 71.019165
-51.968750 71.025864
-50.561333 70.330803
-52.927582 70.768753
-54.616360 70.652473
-52.355057 70.049583
-50.244999 70.052109
-51.154194 69.205803
-49.972527 69.180000
-50.371693 68.895386
-51.104168 69.135803
-50.660057 68.506226
-52.249973 68.647888
-53.472473 68.309975
-50.801723 68.503754
-51.440887 68.186638
-50.330891 67.920807
-53.333443 68.188721
-52.067612 67.954170
-53.206669 68.032082
-53.688416 67.479584
-51.610085 67.977081
-52.267952 67.797867
-50.255917 67.850830
-53.807610 67.407471
-51.452557 67.338364
-53.882610 67.155830
-52.232529 66.840805
-53.493362 66.645447
-52.417526 66.523331
-53.595081 66.519585
-53.077766 66.333138
-53.682610 66.108307
-50.961750 66.968781
-50.347473 66.839996
-53.480862 66.029137
-51.757584 66.073280
-53.204166 65.752502
-52.489971 65.377914
-51.235027 65.814613
-50.464279 65.672501
-52.575890 65.309196
-51.970833 65.312447
-52.209999 64.797081
-51.265804 64.993309
-52.167526 64.683334
-52.001667 64.187920
-50.652527 64.734947
-50.996750 65.217888
-49.647583 64.338303
-50.889942 64.613724
-50.205776 64.435837
-51.757500 64.169136
-50.095943 64.126663
-51.605083 64.032059
-50.907555 63.921665
-51.552555 63.668304
-50.505890 63.653332
-51.242584 63.430832
-50.164139 63.377529
-51.109249 63.331669
-50.054222 63.216667
-50.363335 62.772083
-49.695862 63.049973
-50.317554 62.486637
-49.279221 62.264973
-49.714943 61.962029
-48.837555 62.070831
-49.497471 61.804138
-48.838390 61.983749
-49.190861 61.696667
-48.607471 61.631638
-49.272556 61.532471
-48.265862 61.527473
-49.089195 61.384972
-47.920113 61.317917
-47.658390 60.802891
-45.211723 61.195389
-46.235889 60.737473
-45.396751 61.000389
-45.989140 60.564972
-45.215084 60.763748
-45.206779 60.393723
-44.628387 60.710419
-45.175861 60.129166
-44.468334 60.538723
-44.699280 59.994999
>
150.000000 -10.087917
149.710388 -9.820056
150.012558 -9.631278
149.237534 -9.502111
149.250854 -8.998778
148.603302 -9.084611
148.130386 -8.064194
147.176254 -7.462500
146.950439 -6.734194
147.856689 -6.652083
147.625412 -6.111694
145.759171 -5.479611
145.805420 -4.850861
144.523331 -3.811250
137.890854 -1.464639
137.113312 -1.795472
137.170807 -2.113806
136.391327 -2.217917
135.765808 -3.120500
135.107468 -3.374611
134.630447 -2.480028
134.458328 -2.865472
134.174561 -2.353333
133.983276 -0.722944
132.415634 -0.338583
131.222076 -0.828389
130.930450 -1.434972
131.963364 -1.477944
132.308304 -2.285444
133.939590 -2.090861
133.666687 -2.730444
133.219162 -2.407111
132.724136 -2.806250
131.947052 -2.774222
132.837021 -3.302500
132.895828 -4.087083
133.447922 -3.866722
133.807495 -2.910444
133.617920 -3.475028
133.969131 -3.867111
134.932465 -3.918806
134.617950 -4.115806
135.198273 -4.458778
138.116638 -5.377111
138.053757 -5.733361
138.367081 -5.669167
138.395386 -6.335833
138.921310 -6.830861
138.543747 -6.954194
139.243774 -7.140861
138.671219 -7.214194
139.139557 -7.580861
138.955063 -8.259639
140.036728 -8.007083
141.125839 -9.234028
142.219131 -9.077917
142.639160 -9.335444
143.402924 -8.758333
142.210831 -8.177083
143.694199 -8.232917
143.391312 -7.929167
143.928772 -7.993361
143.637466 -7.431278
144.505829 -7.818750
144.372894 -7.436639
144.536636 -7.695444
144.752502 -7.407111
144.861633 -7.781278
146.089966 -8.095417
147.725006 -10.107139
149.743332 -10.348750
150.201660 -10.704611
150.877090 -10.230000
150.005035 -10.087944
150.000000 -10.087917
>
115.000000 -4.014583
116.277916 -3.130028
116.099586 -2.862528
116.312920 -2.960833
116.601250 -2.195833
116.165443 -1.803361
116.702080 -1.085000
116.897499 -1.271278
117.614586 -0.780833
117.462059 0.090833
118.036224 0.786667
117.888725 1.120000
118.364136 0.800389
118.999580 0.984167
117.843719 1.862472
117.734558 2.189167
118.094582 2.313333
117.013725 3.596667
117.768303 3.647917
117.359558 4.162444
118.550804 4.352083
118.123718 4.883333
119.262138 5.360028
118.349998 5.829583
117.940804 5.669556
118.007469 6.064556
117.558060 5.902194
117.737892 6.424139
117.150749 7.007917
116.813332 6.549583
116.745857 7.034528
115.863747 5.580833
115.370415 5.410806
115.607109 5.229972
115.375893 4.906111
113.971664 4.601222
113.035004 3.167917
111.433304 2.707056
111.170776 1.364583
109.892334 1.697917
109.641747 2.083944
108.907059 1.160833
108.910393 0.321611
109.282082 0.008333
109.110420 -0.515056
109.591248 -0.740028
109.244614 -0.660833
109.640388 -0.986667
109.430832 -1.287083
109.955391 -1.108389
110.259171 -2.966250
111.701637 -2.802917
111.902496 -3.569611
113.022224 -2.938250
113.614166 -3.149611
113.635025 -3.464611
114.530830 -3.350472
114.594582 -4.167500
114.998360 -4.016278
115.000000 -4.014583
>
44.999138 -25.487083
47.101223 -24.993334
49.430389 -18.164194
49.443748 -17.211666
49.837082 -16.839193
49.621193 -15.539194
49.897530 -15.435417
50.161610 -15.996278
50.465416 -15.447528
49.930389 -13.044222
49.191250 -12.305000
49.272530 -11.954583
48.720390 -12.442528
48.812057 -13.379167
48.264111 -13.817111
47.892918 -13.594167
48.042027 -14.265028
47.762112 -14.249167
47.486668 -15.088778
47.463306 -14.671278
47.047085 -15.178389
47.209557 -15.471694
46.891220 -15.608361
46.958279 -15.201278
46.472473 -15.510417
46.502472 -15.997944
46.174999 -15.703750
44.437473 -16.190416
43.929585 -17.496668
44.483780 -19.987499
43.497890 -21.312500
43.230415 -22.325027
44.027058 -25.000000
44.998306 -25.487083
44.999138 -25.487083
>
-65.999138 61.954945
-68.983391 63.755859
-67.688530 63.368942
-67.915169 63.769501
-64.897530 62.631668
-65.315918 63.805195
-64.516747 63.242058
-64.612610 63.976665
-65.671448 64.303108
-65.040192 64.430748
-65.686752 64.848442
-66.314392 64.610138
-66.676697 65.041779
-66.730667 64.720749
-67.316109 65.665276
-68.235970 65.427559
-68.367470 66.072670
-67.132721 66.018250
-67.939781 66.633614
-66.737526 66.597359
-65.985252 66.107246
-65.481003 66.385696
-65.874580 65.944115
-64.358391 66.355446
-65.501526 65.740692
-63.536751 64.876221
-63.529221 65.929970
-62.676723 65.574608
-62.949196 66.146690
-61.949196 66.000000
-62.895943 66.334137
-61.543388 66.318695
-62.197529 66.614975
-61.292526 66.667442
-62.026749 67.052917
-62.733471 66.656281
-62.841751 66.967888
-63.809971 66.804581
-63.118305 67.332054
-63.813305 66.900391
-63.500057 67.235390
-64.720108 67.007889
-63.957474 67.266640
-64.794998 67.368721
-63.950916 67.342499
-64.529999 67.810364
-65.230164 67.642059
-64.721664 67.977921
-65.342834 67.588776
-65.803528 67.973053
-66.032890 67.596611
-65.940445 68.032669
-66.374222 67.768143
-66.314529 68.124557
-66.747887 67.932419
-67.019028 68.331001
-67.882805 68.269196
-66.673889 68.446892
-69.408142 68.815140
-67.775665 68.785248
-68.199974 69.151726
-69.012085 68.977364
-68.083778 69.222969
-69.040054 69.358002
-66.701141 69.170723
-67.230888 69.467529
-70.062225 69.542389
-67.205559 69.717918
-67.259003 69.972443
-68.160530 70.318420
-70.023193 69.621170
-68.676392 70.207336
-70.177971 70.032333
-68.285614 70.525528
-69.447609 70.794861
-70.615280 70.457527
-69.884171 70.884109
-71.543030 70.026497
-71.165474 70.546448
-71.972527 70.419975
-70.604279 71.058975
-72.565834 70.615555
-71.154831 71.273087
-72.549889 71.660721
-73.855415 71.049393
-73.599197 71.779198
-75.047607 71.178780
-74.616501 71.659775
-75.365913 71.684364
-74.208664 72.061142
-76.401054 71.859222
-75.150192 72.490669
-77.575081 72.761917
-78.550224 72.438446
-77.003830 72.136055
-78.881248 72.234108
-77.730614 71.746445
-79.790421 72.504723
-80.962303 71.883942
-80.225693 72.736191
-81.548058 73.724030
-85.000000 73.348053
-83.698418 73.007225
-85.542999 73.033081
-83.951553 72.747139
-85.701637 72.904724
-84.148888 72.006554
-85.225807 72.266609
-86.038750 72.021080
-84.480804 71.637421
-84.772415 70.932976
-85.000000 71.204971
-89.530830 71.091026
-88.792557 70.498108
-87.858139 70.239975
-86.381775 70.528221
-85.819275 70.009331
-81.761169 69.874275
-83.029442 70.314552
-80.932861 69.721169
-81.728416 70.145752
-78.794609 69.887970
-79.600830 70.374420
-78.986084 70.708000
-77.627197 69.748611
-76.993309 69.988747
-77.188835 69.641975
-76.195663 69.672531
-75.588219 69.235695
-76.646553 68.694916
-75.472473 69.027000
-74.230835 68.519302
-73.660667 68.664803
-72.152695 67.270386
-73.004692 66.778725
-72.051720 66.670197
-73.071609 66.720695
-74.457832 66.165169
-73.471611 65.447746
-75.803001 65.233887
-77.376442 65.471497
-78.030136 64.427391
-74.460556 64.383781
-74.606888 64.902359
-73.576942 64.313835
-73.283638 64.660416
-72.639526 63.845112
-71.200027 63.594223
-72.120888 63.442139
-71.641083 63.133251
-65.998390 61.953720
-65.999138 61.954945
>
103.999138 -5.325444
104.581696 -5.945444
104.529945 -5.522111
105.160835 -5.809611
105.284164 -5.446278
105.723335 -5.904639
106.087059 -3.225806
105.619141 -2.392111
104.847473 -2.284583
104.712914 -2.600000
104.878754 -2.084222
104.479553 -1.990000
104.367470 -1.017917
103.276222 -0.705861
103.728752 0.280806
103.327469 0.549556
102.682503 0.225361
103.106247 0.455861
102.909973 0.717083
102.413330 0.805361
101.047470 2.302917
100.933281 1.809556
99.753304 3.179528
98.155830 4.084556
98.288750 4.430833
97.503304 5.255389
95.227531 5.582944
95.537109 4.661667
96.867058 3.694972
97.750862 2.276222
98.797058 1.730806
99.136223 0.253306
100.324585 -0.854167
101.581276 -3.204222
103.998360 -5.324583
103.999138 -5.325444
>
136.000000 33.710419
136.899551 34.276669
136.502853 34.652527
136.712494 35.054558
136.889938 34.719555
136.982437 34.962891
137.374619 34.779999
137.015839 34.578693
138.229187 34.595390
138.744141 35.132889
138.844940 34.600388
139.170837 35.254581
139.680450 35.140835
139.781616 35.672890
140.127106 35.570778
139.890030 34.898750
140.864578 35.692444
140.559525 36.279140
140.982056 36.994999
140.918747 38.200001
141.526245 38.274944
142.070450 39.547527
141.463303 41.431221
140.834549 41.419140
141.130829 40.872917
140.339142 41.260418
139.860382 40.614971
139.703690 39.928307
140.070023 39.998779
140.103729 39.679169
139.425034 38.148724
137.331696 36.762943
136.860382 37.081669
137.345383 37.515804
136.756668 37.363750
136.070831 35.662056
133.092468 35.607056
130.866272 34.291668
130.904999 33.912888
132.139145 33.831249
132.400803 34.376251
132.556671 34.069584
134.185837 34.741222
135.336670 34.725388
135.057892 33.881695
135.753326 33.436222
135.997894 33.708305
136.000000 33.710419
>
-113.554359 68.999084
-113.188026 68.461136
-109.011391 68.728775
-106.594414 69.495415
-105.124557 68.896004
-101.772469 69.007835
-102.291168 69.516083
-103.176086 69.103775
-103.521889 69.704666
-102.575752 69.542030
-101.434692 69.935280
-100.952919 69.667221
-100.981613 70.188194
-104.486526 71.029358
-105.281197 72.826279
-106.762085 73.299500
-108.246109 73.172836
-107.755363 71.603226
-109.900864 72.975281
-110.727196 72.962166
-109.745529 72.428558
-110.683502 72.574944
-111.008667 72.281586
-112.040276 72.275833
-111.186111 72.726669
-112.788170 72.994415
-114.524834 72.576057
-114.480057 73.376472
-118.497665 72.504250
-119.122391 71.772163
-117.743721 71.669525
-118.234032 71.394531
-115.037476 71.534142
-118.329781 71.044167
-117.683998 70.631584
-113.820969 70.715805
-111.443474 70.342392
-117.364670 70.039276
-116.500610 69.407532
-113.555527 69.000000
-113.554359 68.999084
>
0.000000 50.787945
1.394194 51.153305
1.426611 51.392887
0.254167 51.465862
0.932528 51.590805
1.765806 52.478333
1.301611 52.933723
0.028278 52.897030
0.000000 52.887508
-0.007528 52.884972
0.000000 53.543720
-0.224194 53.650806
-0.780833 53.695831
0.000000 53.763748
0.000028 53.763748
0.000000 53.763878
-0.077528 54.119946
-1.212556 54.580833
-2.137556 55.915806
-3.849139 56.117474
-2.595861 56.267502
-3.377528 56.380833
-2.539250 56.566639
-1.819167 57.610832
-4.438361 57.486195
-3.022472 58.643333
-5.003361 58.627918
-5.072528 57.819138
-5.814222 57.855000
-5.387528 57.108307
-6.229167 56.725834
-5.004167 56.712471
-5.805861 55.302502
-5.315889 55.851639
-4.751750 56.207085
-4.427528 55.903305
-4.884194 55.942471
-5.145833 54.854942
-4.856722 54.631248
-4.856722 54.868752
-3.052556 54.982471
-3.642528 54.508331
-3.151694 54.061195
-2.799278 54.239944
-3.107556 53.545860
-2.680861 53.354973
-4.199167 53.212471
-4.769167 52.794998
-4.058361 52.922943
-3.937500 52.553333
-5.320833 51.860806
-3.403417 51.380390
-2.347583 51.797501
-3.056722 51.177055
-4.230917 51.186638
-5.715889 50.061668
-3.643361 50.218693
-3.476694 50.687057
-0.005000 50.787888
0.000000 50.787945
>
-77.088058 83.125641
-82.356636 82.675003
-80.419998 82.040665
-85.186974 82.480499
-86.860054 82.197830
-84.503220 81.881142
-87.966278 82.124222
-91.891136 81.658112
-89.504196 81.626778
-90.404671 81.362473
-87.210724 81.490639
-89.698860 81.005806
-84.642776 81.288170
-89.417252 80.912025
-87.494942 80.623032
-82.306084 81.177612
-85.509750 80.801804
-86.061775 80.529335
-83.213669 80.839142
-81.733665 80.815392
-83.115196 80.540001
-80.932419 80.653778
-76.841667 81.452751
-78.967804 80.878944
-76.452530 80.874725
-83.194252 80.326614
-80.597893 79.559830
-83.782806 80.247086
-86.496750 80.298080
-83.353920 79.053558
-84.705109 79.019554
-81.482246 79.057419
-83.256027 78.844391
-82.345695 78.567558
-85.078110 78.922333
-86.852921 78.738831
-87.482834 78.122971
-85.820526 78.386581
-85.451530 78.101807
-84.596527 78.595390
-84.789413 77.520554
-82.298279 78.077309
-84.467941 77.295303
-88.228554 77.852219
-86.616447 77.181137
-89.664276 76.571808
-88.594864 76.399498
-88.420570 76.770454
-87.612053 76.336029
-87.527748 76.628113
-86.686081 76.342613
-86.610001 76.641502
-85.246971 76.278999
-84.318695 76.656281
-83.199081 76.413803
-83.396774 76.761887
-82.266945 76.393913
-82.740501 76.824692
-81.065636 76.131531
-78.389946 76.457359
-78.005112 76.991669
-81.799416 77.174782
-81.960693 77.683693
-78.727669 77.314003
-78.181946 77.973724
-75.864975 77.957664
-76.882637 78.212807
-75.004753 78.326279
-76.630386 78.524277
-74.576279 78.587166
-78.863167 79.064888
-74.438026 79.030556
-78.045723 79.352112
-73.201447 79.516556
-74.246582 79.885834
-71.463638 79.722748
-70.455666 80.090553
-72.363609 80.217583
-70.109360 80.187943
-70.796165 80.557976
-69.492279 80.370247
-64.592636 81.404167
-70.015862 81.082031
-66.616837 81.515053
-69.293114 81.708473
-65.815140 81.621223
-62.370361 81.997887
-61.110279 82.359276
-63.565639 82.832863
-68.589363 82.622803
-66.356308 82.935165
-77.000000 83.129471
-77.088058 83.125641
>
119.478333 -5.000444
119.440002 -5.601278
120.470390 -5.625056
120.185448 -2.971694
120.754196 -2.622944
121.092888 -2.715833
120.902885 -3.567528
121.608719 -4.061667
121.543358 -4.769611
122.006668 -4.898750
122.110863 -4.492917
122.885002 -4.412972
122.198753 -3.600028
122.483780 -3.174194
121.289558 -1.841722
121.667503 -1.947944
123.459579 -0.769194
121.627502 -0.801250
121.093330 -1.429611
120.675804 -1.411250
120.060387 -0.630861
120.309608 0.419139
124.313332 0.401250
125.173309 1.687861
123.951691 0.844583
120.908302 1.360389
120.598305 0.762028
120.282532 0.986222
120.043747 0.721639
119.841225 -0.099139
119.608719 -0.007528
119.876190 -0.860028
119.731667 -0.642944
119.334579 -1.169972
119.358803 -1.898389
118.752892 -2.776750
118.931221 -3.570000
119.509560 -3.555861
119.477859 -5.000000
119.478333 -5.000444
>
170.000000 -46.255444
170.752106 -45.870834
171.322083 -44.005001
172.212921 -43.902527
171.668701 -43.524193
172.217468 -43.901279
173.080826 -43.856251
172.652145 -43.640030
172.778778 -43.128334
174.278809 -41.741669
174.318771 -41.215027
173.907104 -41.280861
174.315033 -40.996277
173.194977 -41.332916
172.654617 -40.660000
172.978363 -40.528778
172.133774 -40.852501
170.749146 -43.101276
169.221634 -43.972916
168.369995 -44.011223
166.973755 -45.142555
167.167587 -45.466305
166.808273 -45.313721
166.675781 -46.210445
167.650803 -46.167946
169.009995 -46.678806
169.997910 -46.257500
170.000000 -46.255444
>
114.000000 -8.590444
114.592918 -8.752528
114.438332 -7.788750
113.155830 -7.746250
112.547470 -6.842917
111.029167 -6.416278
110.406670 -6.952083
108.932472 -6.841306
108.302498 -6.240389
106.038330 -5.874611
105.797943 -6.489167
105.207108 -6.751694
106.504997 -6.965472
106.401665 -7.384639
107.843307 -7.739583
108.862526 -7.609583
110.707497 -8.202111
113.998360 -8.592111
114.000000 -8.590444
>
174.937469 -41.002945
174.615356 -41.294193
175.238312 -41.609585
175.964996 -41.247082
177.043747 -39.201721
178.003784 -39.115891
178.552887 -37.689999
177.983368 -37.539612
177.151642 -38.045418
176.039948 -37.681278
175.494995 -36.509609
175.575867 -37.243778
174.657883 -36.880833
174.868744 -36.366669
174.319580 -35.835808
174.331665 -35.176277
174.104950 -35.347916
173.399139 -34.782970
173.236633 -35.015446
173.047531 -34.413776
172.677521 -34.425419
174.048782 -36.398388
173.912521 -36.006279
174.509613 -36.255054
174.448303 -36.647110
174.154617 -36.450054
174.488785 -37.045834
174.932053 -37.055832
174.538757 -37.055862
174.974579 -37.797558
174.593750 -38.819195
173.752884 -39.276722
175.057892 -39.939194
174.940613 -41.000000
174.937469 -41.002945
>
-55.201557 46.998890
-54.085445 47.879139
-53.793945 47.439056
-54.200417 46.821110
-53.553192 47.218498
-53.625057 46.641335
-53.161530 46.625721
-52.621693 47.524418
-52.793667 47.809971
-53.282581 47.547249
-52.920860 48.172859
-53.559891 47.519112
-53.942696 47.855919
-53.612141 48.054169
-53.963390 48.232887
-53.002888 48.546665
-54.198750 48.384972
-53.504139 49.283722
-54.498390 49.256248
-54.479195 49.570389
-55.395863 49.042084
-55.159637 49.544945
-56.140888 49.431278
-55.474667 49.967472
-56.209194 49.925419
-56.160057 50.156250
-56.871334 49.542500
-55.730831 51.093334
-56.084251 51.363304
-55.494221 51.372501
-55.901669 51.631222
-57.410862 50.702473
-57.705471 49.455833
-58.237141 49.393307
-57.892918 48.955776
-58.407555 49.130360
-59.270363 48.466583
-58.274612 48.513279
-59.412251 47.896278
-59.167610 47.564808
-58.317307 47.789112
-56.856499 47.527306
-55.790279 47.964474
-56.131222 47.464279
-54.703751 47.671638
-55.991138 46.953388
-55.201668 46.998333
-55.201557 46.998890
>
-75.000000 19.915501
-74.142944 20.245806
-75.718330 20.681223
-75.700027 21.118778
-76.892525 21.298779
-79.791664 22.905416
-81.141693 23.206223
-84.025024 22.717083
-84.279198 22.003721
-84.952080 21.870806
-84.035889 21.906279
-82.757530 22.702888
-81.863358 22.677082
-81.647942 22.489944
-82.159637 22.395000
-81.805862 22.173750
-78.750862 21.637056
-78.143333 20.758722
-77.240891 20.665388
-77.115471 20.356667
-77.737526 19.842028
-75.000137 19.915501
-75.000000 19.915501
>
123.999168 12.967917
124.079109 12.537917
124.189613 13.065000
123.760002 13.061250
123.530418 13.568306
123.974609 13.719944
123.714996 13.942056
123.254196 14.077889
123.113335 13.683722
122.773277 14.323778
122.249138 14.245417
122.229141 13.897889
121.657082 14.401639
121.372108 15.338306
122.462059 16.887472
122.137054 17.782444
122.319580 18.379999
120.621696 18.547943
120.422081 16.166668
119.879944 16.396221
119.747887 15.964944
120.080391 14.789194
120.474998 14.410417
120.553329 14.816194
120.957916 14.639111
120.619614 13.812472
121.285835 13.597889
121.749969 13.968722
122.595802 13.164556
122.533302 13.964556
123.318336 13.007889
123.998749 12.967500
123.999168 12.967917
>
-17.000000 63.793720
-14.958361 64.240417
-13.680806 64.914169
-14.232500 65.035027
-13.490861 65.077499
-15.184222 66.106667
-14.526750 66.380417
-15.398333 66.159584
-16.193333 66.540421
-16.575083 66.083748
-18.270056 66.177055
-18.051750 65.647942
-18.786667 66.195389
-19.405056 65.717056
-20.421139 66.088753
-21.086695 65.157913
-21.322500 66.008331
-23.136694 66.432053
-22.432472 65.833336
-23.470112 66.198723
-23.257584 65.678360
-24.096611 65.807083
-23.772528 65.534164
-24.527582 65.502502
-21.680889 65.455864
-22.604139 65.186638
-21.801750 65.026222
-24.045860 64.888306
-21.355917 64.387474
-22.704279 63.800804
-21.053307 63.941223
-18.733389 63.390362
-16.999277 63.793304
-17.000000 63.793720
>
125.000000 5.858750
125.265053 6.093722
125.384972 5.559583
125.685448 5.970833
125.373718 6.727472
125.695778 7.297889
126.191643 6.273722
126.155388 6.909167
126.604553 7.286639
126.392891 8.499139
126.080391 8.610778
126.207108 9.308333
125.439224 9.827889
125.539970 8.964583
124.796608 8.997056
124.741608 8.498694
124.383308 8.596250
123.665863 7.953722
123.837082 8.429944
123.378365 8.729556
122.222084 7.961667
121.896248 7.111611
122.151665 6.909611
122.625832 7.777111
123.408333 7.357111
123.687469 7.814583
124.261253 7.374139
124.057892 6.380806
124.999138 5.859556
125.000000 5.858750
>
-8.000000 51.858723
-6.314250 52.240833
-6.399167 54.013332
-5.430889 54.484112
-6.141722 55.227859
-7.315028 55.006195
-6.922528 55.236637
-7.388417 55.381222
-7.630111 54.962055
-7.985056 55.226192
-8.810917 54.699139
-8.115861 54.649139
-8.518417 54.211224
-10.114222 54.240807
-9.550861 53.800804
-10.184139 53.408279
-8.879167 53.208279
-9.940889 52.557472
-8.697556 52.653278
-10.363417 52.235416
-9.759194 52.156639
-10.404222 51.843334
-9.555861 51.882500
-10.164194 51.611637
-9.458361 51.729557
-9.775028 51.444584
-8.001667 51.857887
-8.000000 51.858723
>
143.258698 41.999111
143.994080 42.927055
145.817856 43.386639
145.229523 43.336666
145.343338 44.342056
144.775803 43.927082
143.734940 44.106251
141.913300 45.518723
141.417023 43.322472
140.343369 43.335388
140.522888 42.990860
139.823715 42.614166
139.983719 41.555805
141.187088 41.800804
140.291275 42.249168
140.476700 42.588722
141.003326 42.301224
141.669937 42.649529
143.258743 41.998306
143.258698 41.999111
>
142.000000 45.968750
142.511581 46.722057
143.376663 46.547028
143.414948 46.022057
143.616272 46.371666
142.529526 47.780861
142.990051 49.135418
144.044189 49.255390
144.746246 48.644112
143.205826 51.517471
142.706604 54.428749
142.250854 54.303360
142.785828 53.705807
141.767563 53.375805
141.625839 52.327473
142.254105 51.123360
141.998718 45.970001
142.000000 45.968750
>
-71.150414 17.998306
-70.671669 18.428722
-68.645027 18.207916
-68.325447 18.606640
-69.628334 19.082083
-69.152946 19.303307
-69.744164 19.283777
-69.962502 19.681250
-72.823364 19.952499
-73.457970 19.688278
-72.700554 19.455667
-72.821999 19.037222
-72.354279 18.531918
-74.215889 18.673721
-74.482941 18.424999
-73.883331 18.020416
-72.053474 18.233639
-71.425804 17.601250
-71.151306 17.997473
-71.150414 17.998306
>
-120.334221 71.998108
-115.322418 73.540810
-117.625443 74.251030
-119.126251 73.995781
-121.451225 74.556557
-124.734108 74.350502
-123.751747 73.752609
-125.990692 71.966003
-124.892998 71.957497
-123.101082 71.079025
-120.631889 71.492081
-120.345558 71.995941
-120.334221 71.998108
>
80.257469 5.997111
81.324997 6.193722
81.880386 7.023306
81.354584 8.490833
80.209137 9.832083
79.906250 9.755861
80.398750 9.486639
80.053719 9.598306
79.824776 7.970417
79.695419 8.197500
80.254555 6.000000
80.257469 5.997111
>
145.999084 -43.330387
146.869965 -43.640446
147.196671 -42.727917
148.006271 -43.230862
148.206635 -41.950443
148.361191 -42.197498
148.077560 -40.770443
146.606689 -41.260418
144.683716 -40.668362
144.743744 -41.421696
145.555389 -42.357555
145.168304 -42.196251
145.255386 -42.624138
146.000000 -43.330360
145.999084 -43.330387
>
-92.166496 74.992310
-89.981140 74.529472
-88.550858 74.907364
-87.715584 74.455139
-83.590805 74.541916
-83.512474 74.903053
-81.764862 74.468803
-79.348610 74.888557
-80.368500 75.016441
-79.571587 75.457420
-81.595497 75.808220
-86.553642 75.360809
-88.764809 75.684692
-88.931526 75.428833
-89.932198 76.006859
-91.200531 75.817169
-90.194084 76.061974
-91.618835 76.264503
-89.195610 76.235832
-91.471970 76.452782
-90.970779 76.651947
-93.553139 76.387054
-93.690475 76.917114
-96.801224 76.983643
-95.402916 76.231003
-93.090858 76.362190
-92.169807 75.000000
-92.166496 74.992310
>
-66.724167 -55.002499
-65.114197 -54.641693
-67.767525 -53.831696
-68.758446 -52.555279
-70.420830 -52.776779
-70.434196 -53.380859
-69.327530 -53.445862
-70.072556 -54.064999
-68.963554 -54.475887
-69.348419 -54.713833
-69.455025 -54.341278
-69.766830 -54.583778
-70.928360 -54.117916
-70.119194 -54.567528
-70.751724 -54.626278
-70.816666 -54.323776
-71.959167 -54.624195
-66.724197 -55.000000
-66.724167 -55.002499
>
58.257389 73.999580
58.218693 74.543335
59.154919 74.418747
61.316612 75.307083
68.405029 76.212471
68.606697 76.955391
64.779861 76.329582
61.126415 76.287918
56.008389 75.183304
56.963638 74.669998
55.126110 74.226692
56.391251 74.008331
55.034889 74.157028
53.692528 73.792084
55.846306 73.646667
54.073692 73.346642
56.694916 73.245392
56.376278 73.739197
57.598751 73.631615
56.593693 73.880806
57.875027 73.765388
57.497471 74.192886
58.254890 73.999580
58.257389 73.999580
>
-81.000000 63.437527
-80.135414 63.775166
-80.921112 64.122391
-81.987831 63.978806
-81.825249 64.548531
-84.508942 65.479080
-84.910225 65.214470
-85.594940 65.913361
-86.178833 64.088753
-87.165054 63.575474
-85.679810 63.713280
-85.211060 63.106750
-83.004196 64.181335
-82.494110 63.657223
-81.008110 63.435581
-81.000000 63.437527
>
-115.559830 74.994614
-114.030113 75.474808
-113.917336 75.052414
-111.041748 75.277969
-114.426559 74.695808
-112.357697 74.424332
-108.798500 75.073975
-106.000000 75.052559
-105.424919 75.853943
-106.569641 76.069580
-106.840836 75.650414
-108.000000 75.787529
-109.107613 76.826111
-110.415253 76.355057
-108.885361 75.480446
-111.224167 75.516747
-114.895805 76.521500
-115.899055 76.290421
-114.627502 76.170135
-116.730919 75.905083
-114.782333 75.897499
-117.217392 75.581497
-115.007469 75.699249
-117.663803 75.252113
-115.568306 74.993362
-115.559830 74.994614
>
-94.197029 78.998085
-91.660248 78.568001
-92.987473 78.475388
-92.055054 78.203392
-89.476280 78.149002
-89.962196 78.612640
-88.862556 78.146553
-88.159752 78.995087
-87.613197 78.642059
-84.879608 79.268753
-85.703918 79.619583
-87.435303 79.532280
-87.614944 80.406418
-88.341164 80.077721
-93.492638 81.379692
-95.501999 80.813248
-93.766609 80.520248
-96.619614 80.350914
-94.389664 79.979332
-96.678253 80.146309
-96.634109 79.879776
-94.331642 79.769363
-95.145691 79.273804
-90.333275 79.243752
-94.193947 79.000000
-94.197029 78.998085
>
15.438222 77.000000
16.989889 76.596222
19.028168 78.422501
21.531418 78.747444
18.283028 79.621223
17.671667 79.360779
16.269806 80.058723
16.526611 78.905388
14.726528 79.788780
14.043222 79.263725
12.348139 79.579971
13.806472 79.877029
10.664722 79.546638
13.000000 78.204613
15.346528 78.850418
15.423306 78.457886
16.569971 78.716225
17.398390 78.429390
13.598361 78.056664
13.949833 77.716248
16.991583 77.929169
14.738389 77.653336
16.099943 77.459557
13.914917 77.524170
15.438222 76.999969
15.438222 77.000000
>
-50.776417 -0.782963
-50.479836 -1.040821
-50.786179 -1.098956
-50.565033 -1.762338
-49.806484 -1.804592
-48.836224 -1.445861
-48.389584 -0.282528
-50.339195 -0.096250
-50.776417 -0.782963
>
130.668854 30.999111
131.349579 31.364944
132.086227 32.930832
130.966660 33.846069
129.560394 33.331638
130.009613 32.846638
129.675812 33.097084
129.738312 32.567890
130.350479 32.673332
130.117950 33.129139
130.457855 33.298332
130.662064 32.633331
130.106216 31.411694
130.587479 31.155390
130.798309 31.699583
130.668854 30.999111
>
120.864136 21.999582
121.999580 25.007444
121.572502 25.300444
120.128754 23.632471
120.029610 23.075806
120.863335 21.999582
120.864136 21.999582
>
151.052948 -6.001694
152.119553 -5.398361
151.948715 -5.005056
152.404633 -4.338333
152.168304 -4.134611
151.489563 -4.212500
151.686218 -4.868333
150.896698 -5.488778
150.093369 -5.518750
150.091660 -4.997944
149.870895 -5.521306
148.317078 -5.567528
149.606674 -6.292917
151.052917 -6.005000
151.052948 -6.001694
>
-85.000000 71.280861
-86.096275 71.977783
-86.283775 72.702789
-84.831642 73.743721
-86.557831 73.857246
-89.149223 73.182999
-89.999916 71.454277
-86.983772 71.215286
-85.003334 71.280891
-85.000000 71.280861
>
108.999168 18.360416
109.572472 18.160389
110.411720 18.661222
111.042030 19.639973
110.932053 20.018307
109.259972 19.902918
108.631226 19.268333
108.996635 18.360416
108.999168 18.360416
>
-97.000000 71.749863
-96.522110 72.755974
-98.488945 73.009056
-96.957947 73.748497
-100.858864 73.840385
-100.425056 73.407417
-101.622444 73.495720
-99.775024 73.210892
-100.165749 72.787331
-102.228416 73.092781
-102.686249 72.692970
-99.213890 71.351860
-98.178444 71.424080
-98.219864 71.895363
-98.182419 71.645615
-97.003830 71.746361
-97.000000 71.749863
>
124.000000 -10.277917
127.301247 -8.400861
125.123360 -8.647917
123.666252 -9.629194
123.454582 -10.360028
123.996696 -10.277944
124.000000 -10.277917
